#OTU ID	AG_Larva_I	AG_Larva_II	AG_Larva_III	AG1_I	AG1_II	AG1_III	AG3_I	AG3_II	BB1_I	BB1_II	BB1_III	BB2_I	BB2_II	BB2_III	BB3_I	BB3_II	BB3_III	C1_I	C1_II	C1_III	C2_I	C2_II	C2_III	C3_I	C3_II	C3_III	C3_IV	H1_I	H1_II	H2_I_1	H2_I_2	H2_II	H2_III	H3_I_1	H3_I_2	H3_III	LG1_I	LG1_II	LG1_III	LG1_IV	LG2_I	LG2_II	LG2_III	LG3_I	LG3_II	LG3_III	LGBB1_I	LGBB1_II	LGBB1_III	LGBB2_I	LGBB2_II	LGBB2_III	LGBB3_I	LGBB3_II	LGBB3_III	LGBB3_IV	NG_mix
d0102b29b6ce8939f310265563e22bf6	10509	10042	4212	17010	397	14209	27334	40496	42568	41724	57574	41491	23712	56162	46508	36204	29966	64490	33586	28197	18913	41707	6438	39576	41945	37037	34089	36611	17982	36949	11950	18942	5158	52399	39866	38521	11235	49271	40942	25497	38372	36026	22664	30048	39084	43939	24895	42	186	46097	38585	31322	38580	53625	32640	30502	7501
2ff15caef6ebb4cc1def65bad07d227c	2274	5107	1189	10193	0	12030	15376	11411	17316	16	8324	12559	4657	373	8635	10551	10340	2016	9121	0	7915	37	11243	4944	15049	22246	18586	2665	15208	5115	11869	11671	19910	5954	10764	1387	2018	1992	9001	14160	17284	14603	15177	18423	20971	19298	6476	14298	19331	3344	11560	1244	13552	19883	11692	3893	8984
240ad7d9312e4b9591df263fbbbf19d0	19	22	27	6680	9272	5287	10972	4701	1311	662	2584	1575	13824	7407	7767	11533	1241	7678	12328	4036	15724	13101	11636	11546	6021	12153	2773	9593	13527	12890	7392	10417	2854	7179	9215	3158	3750	8908	7115	8788	4370	3555	9228	15562	3976	4228	1947	1747	8807	2427	9204	7238	1672	1547	6349	6980	3778
71461cf21e9a83d1de11a3c432ddb72a	2167	2395	2348	4870	929	5668	7882	5446	8842	0	7123	5684	2368	161	4070	5275	5425	1050	4542	33600	3779	307	5888	2557	7937	13944	9263	1430	6602	2365	6069	5614	10006	3005	5386	837	1180	1026	3987	7258	8385	7244	7774	9345	10715	9733	3110	7327	9593	1801	6008	572	8226	10727	5779	2282	6730
b2a001f6c04eed1065b2e3f8237481d4	0	0	0	5544	504	6796	8655	6116	9627	0	4735	7002	2360	197	5255	6394	6262	1147	5144	0	4698	88	6350	2801	8465	12898	10289	1542	8270	2892	6682	6538	10455	3263	5938	749	1192	1032	5091	7568	9893	8342	8549	10739	11510	10901	3556	7862	10390	2059	6623	677	7634	10808	6833	1834	2705
08e048c2f9911e1674d43874b1c67420	58410	74526	42611	2184	29	22674	30	15	39	11314	5	315	0	0	0	6	0	192	2	0	0	6	0	0	0	0	0	8	0	3	0	0	0	165	24	2542	0	0	0	0	0	0	4	0	0	0	13484	27	59	869	0	137	0	26	2	0	882
b63e42a77971ef3b3738e4cff55485f7	0	0	996	1412	4367	2694	2491	3174	5010	5073	4531	1017	4156	8107	2833	2409	6362	4706	1455	3764	1959	3000	3454	2815	3124	3116	1339	1772	1918	2249	2602	7562	3548	2746	2089	5751	1551	1062	1107	929	4004	3237	1942	3290	2148	5006	2671	902	4839	5149	3641	3089	7065	2618	5176	10221	4609
5c8495b8d23f85a365be0017a776d4b8	9	0	0	1893	1986	710	2445	2513	1167	3234	1254	1893	3035	1534	4482	4749	1568	8590	4828	685	2341	3711	5239	1258	2787	2299	2241	1407	1555	2912	3739	3469	3072	5741	3919	2521	494	4138	1966	3566	1863	1857	4229	5914	1330	1180	5933	8893	7234	5825	1333	3095	2254	3759	2278	1488	12376
b5e19a79de35a0170cbd8ce540726edc	11	6	0	225	2414	3713	1436	3955	2517	978	3248	1998	2561	11646	0	0	621	17	2282	0	2782	1863	2500	6465	849	10002	537	7771	6361	2110	611	11625	18237	323	653	716	3826	2873	2214	3064	6033	5161	1729	727	1647	1243	0	0	54	7055	1889	14096	1039	1640	7293	217	27
435ec6f5768dd5d8402c4b0b891b2481	21	0	19472	1425	10338	2750	729	2265	968	514	2481	1138	1180	2383	3176	1897	630	2787	796	1449	1877	3104	3027	1771	959	2557	7302	2768	767	1892	3390	342	9645	2676	1350	2727	2606	2581	1485	840	4102	3672	2330	3356	2187	2628	317	5206	4773	556	1742	1178	2421	338	4118	12091	1121
d51f56426ad963775a932ca54166dbc1	0	0	0	6369	12572	3165	2009	4040	1633	1053	2212	2250	1598	1963	1973	1174	2221	2831	2446	1854	1717	1806	4070	899	1363	611	1672	3970	643	774	6422	158	3924	4327	657	2868	3220	370	143	1269	4827	3858	1170	823	679	1590	2787	10883	5213	3022	715	4371	2643	2141	5552	3075	4465
b62c5d7c064f1765b34f23849892624d	0	0	0	8313	7123	4819	1191	4844	1860	608	6605	2403	2457	2608	1239	1432	2038	1158	814	4591	1072	511	1044	1215	598	1394	2866	8302	353	563	9297	354	3226	3671	1270	4284	2092	641	339	548	4287	3794	1293	694	352	709	3297	5488	1485	842	931	2312	937	2403	6158	4263	6401
e0507a399fbc236fffc28063c9dbe11b	0	0	0	1210	1421	868	1701	2876	563	281	790	422	1920	1049	2247	1391	898	783	3041	842	3268	2455	3363	1469	3759	2213	770	2549	2210	1992	3060	2520	2645	847	1445	219	771	1346	956	2426	1342	1174	1997	3813	744	789	896	771	3581	1982	1287	1717	1123	705	1745	518	2443
dd2f067657978822aacfb9bfc37d0529	0	0	0	4741	12389	1531	1402	2100	880	170	1339	804	855	1048	685	1007	540	1234	2276	903	72	1408	3901	269	1039	252	734	2490	80	774	3926	100	696	3022	667	1434	2100	341	226	215	2596	2237	741	571	668	1082	2354	8126	1444	1038	546	429	1524	805	2664	2908	1250
41c5571099c40b69a0ff8ff7a780d7ff	15	0	4	89	127	609	480	1935	899	525	1500	1439	4234	6229	2557	1484	1962	80	93	39	183	1397	223	356	56	0	45	1783	389	298	70	1403	658	2646	4570	6826	1117	686	237	125	1552	1236	583	180	3173	3762	647	183	577	3965	126	5124	5777	1466	1495	385	0
4611228b2874279b2625c9d34059c165	0	0	0	1204	1599	1276	1240	735	263	1397	614	405	862	559	1453	1298	949	675	1188	1317	1221	837	784	1862	1659	960	1005	946	895	1706	1625	167	576	466	749	240	491	782	988	924	796	657	1521	1421	521	568	127	1043	1820	1278	713	1704	638	392	846	2206	3863
8e57c218b848c7a1a1003f1fbceb8e81	0	0	0	62	4558	62	27	152	393	0	300	40	148	0	0	0	49	0	20	124	109	16921	64	253	0	335	632	546	303	1010	122	1054	35	0	45	3790	291	4167	454	37	143	150	103	584	146	317	0	0	0	1177	1671	293	392	2253	164	5044	786
ebe48b87d0f5320e99cc215ea687cfe1	0	0	0	536	1636	841	1419	467	221	435	637	392	1276	710	1181	1304	506	1614	1499	502	2233	925	1115	1870	2083	1580	685	834	1084	1071	611	1139	407	923	993	461	432	687	316	1166	650	561	1044	1778	516	601	173	1070	1139	428	1129	1014	318	341	535	669	1432
89bdeef7ce4dbe845449543ae84e7937	10	0	0	730	1815	295	903	946	412	79	941	293	866	446	1613	862	163	722	1177	594	1185	1181	1022	1342	1196	1164	709	1101	908	855	1542	795	1612	542	905	146	323	613	559	631	1216	903	1352	1981	465	717	314	551	1891	1105	702	877	490	187	942	551	1957
02964898ca318e593d30fe973ac5ca65	238	255	89	413	0	367	774	1072	1139	1106	1425	1099	668	1490	1181	0	823	1667	859	708	506	1094	135	1052	1090	993	872	961	442	986	328	555	113	1389	1061	1011	0	1237	1117	638	928	965	593	788	1016	1141	652	0	0	1219	1006	803	937	1337	821	822	188
39fb6b213d87b6165bdc763958a78864	0	0	0	55	1615	0	0	0	83	0	0	0	20221	335	0	0	0	0	0	64	74	285	0	181	0	127	102	51	210	92	110	130	0	69	0	0	117	1251	2580	52	97	65	117	180	64	58	0	0	0	95	271	10868	80	341	63	0	2189
243a85a37bd4d9049f6ccd620706e04f	0	3	0	0	0	0	374	1660	0	0	0	300	2470	3815	0	0	31	0	0	0	0	0	0	0	0	0	0	96	0	0	51	1298	1031	2236	2417	522	151	0	4	4	1500	1492	152	266	12191	6469	0	0	0	0	0	0	0	0	0	0	0
ce22e81674be69d65ecd157ccd24b0cc	0	0	0	275	200	83	403	150	99	3521	188	249	836	231	897	433	57	1632	661	86	1785	1265	455	103	155	185	168	81	293	247	883	666	474	2693	738	414	43	462	126	389	251	186	658	1422	191	100	840	261	1308	473	166	407	275	352	273	216	6605
2a57f280b8c491bfbbca1b087c67879c	0	0	0	20	845	155	0	94	6524	907	1030	0	22	0	197	16	68	0	796	0	520	352	1017	113	243	530	47	20	176	0	15	116	69	0	43	0	0	194	273	295	0	0	0	15	12	487	1621	570	11447	1473	405	991	343	362	1088	289	0
24b2c532776aa782aeec67564f8c43cb	0	0	0	412	1136	1153	569	156	123	527	196	136	568	226	1167	679	103	395	474	617	587	550	435	807	742	456	483	416	668	793	1052	1576	948	300	379	111	312	377	380	282	486	233	607	784	237	353	185	1709	1120	530	312	787	703	196	630	954	2856
7a6c7667136a3b5397735e05171b55f3	0	0	0	290	4277	1085	724	472	427	141	0	161	649	352	392	665	0	421	647	272	610	731	451	170	319	115	0	476	842	1182	1338	1332	207	664	795	407	185	1949	408	1546	129	124	318	576	207	193	145	372	1201	152	307	912	357	389	1014	340	427
754048ee27c05aadc2868c730d764c6a	0	0	0	460	513	165	544	182	114	228	83	103	701	249	866	496	60	237	708	60	926	735	921	553	227	685	307	0	490	808	638	2063	892	183	386	62	218	438	368	409	217	162	330	987	229	224	167	2145	1549	526	274	681	573	204	407	772	1718
d8ccd4bf04a05d4671dd32389b2165ad	0	0	0	264	16	372	337	179	0	0	149	270	552	387	278	151	50	208	552	368	371	760	197	922	114	923	512	945	732	886	678	713	407	3628	558	0	198	857	277	651	767	730	504	828	372	559	50	0	14	53	751	535	1004	298	782	673	397
1699ae6b916de9b0622b3c04b9330e89	0	0	0	422	96	179	996	221	97	77	269	169	701	385	778	931	102	834	759	159	1625	623	344	1187	1387	1272	342	435	707	335	229	731	0	265	495	312	260	415	95	647	356	285	499	1062	236	280	66	77	517	164	690	314	49	108	250	383	320
d1890cf12c26826da7736415b9de34b1	0	0	0	756	364	315	351	594	152	212	444	133	829	369	448	443	72	514	212	1296	425	221	352	210	149	155	242	567	180	304	1443	317	232	416	162	425	123	338	258	244	579	435	163	583	38	147	165	460	763	159	209	415	77	288	421	188	1371
47e7e48579b15c61ecde30419386b2c2	45	28	53	0	373	0	0	107	198	200	532	66	101	1012	0	7	62	1709	10	638	48	1993	0	102	57	189	445	324	104	337	84	176	0	0	0	125	98	601	480	30	42	45	0	106	63	67	8	0	0	692	1591	524	497	5817	104	123	549
eae21fa67d0118bfd1ee006f9b1a2d3d	0	0	0	258	376	308	177	18	13	0	648	79	1775	409	357	257	35	774	762	13	786	367	327	137	263	450	183	101	165	91	933	73	31	539	766	9	51	801	169	291	237	147	559	917	200	205	294	58	1339	124	178	1107	256	128	277	64	1050
37082c34df4bec176780897be5a88f6c	0	0	17372	144	283	200	0	0	0	0	0	0	0	0	0	0	0	0	0	0	0	0	0	82	0	0	103	0	0	0	93	0	0	0	0	0	0	0	0	0	0	0	137	0	0	0	0	0	0	0	78	0	0	111	111	0	245
98a3799ad1bc16a01a72c515ad85aaff	3577	3958	1704	0	1377	0	686	0	0	0	0	0	568	0	0	0	0	0	0	0	0	0	1626	0	0	0	0	0	0	0	0	0	0	0	0	0	0	0	0	0	0	0	0	0	0	0	0	0	0	0	0	0	0	0	0	0	3772
8daa578c4e8057271b144da88746ef4c	0	0	0	1850	1762	976	1671	0	0	0	0	0	0	0	762	658	162	0	0	0	0	22	0	0	0	0	0	0	0	0	0	0	0	0	0	0	0	0	0	0	0	0	0	3689	1869	3838	0	0	0	0	0	0	0	0	0	0	9
41b91f4c474d7b1b3319b1fad04f3348	0	0	0	246	2009	1440	162	259	112	119	98	109	185	139	224	0	892	278	182	170	0	0	451	203	165	0	0	0	348	0	184	350	192	228	178	136	0	138	122	167	170	121	249	0	155	188	92	1184	608	99	145	246	219	711	174	152	1814
5ddec365a219879f78bca37841b40296	0	0	0	0	0	0	13	87	150	53	43	10	167	232	1856	183	5156	0	190	0	139	114	67	54	46	4	15	3	175	8	109	468	158	5	81	14	299	70	42	31	325	303	246	42	780	2463	0	0	0	19	37	30	678	88	423	122	0
c55847902c489dbb90b19a3cf300d496	0	0	0	216	281	70	277	64	105	133	0	54	316	92	509	320	0	127	259	0	426	336	435	379	146	165	115	0	194	376	261	1062	430	69	163	0	136	182	168	172	120	76	236	598	113	126	133	1357	592	272	199	432	376	84	251	441	1147
68c2b8b485305b991991788c7d122994	0	0	0	37	422	0	0	147	137	180	402	34	44	0	27	0	40	0	0	535	32	1279	25	113	0	233	447	114	209	40	80	98	30	0	17	25	86	253	465	0	0	0	18	80	41	109	0	0	0	537	1137	0	406	4819	102	86	330
fa70d6e7b5147553c073da57e25e1e2c	0	0	0	218	1326	908	248	253	153	101	59	48	175	151	104	204	494	125	141	203	58	105	262	129	79	84	20	138	298	135	169	208	144	145	93	77	107	91	153	103	57	100	154	116	80	107	81	792	418	144	131	147	137	437	123	111	1105
3bb3549661dec185dee27741f33a194a	0	0	0	0	468	240	0	689	111	187	315	366	0	201	391	53	577	229	0	151	0	0	0	207	46	0	248	559	0	0	0	0	595	144	0	234	285	0	0	0	644	586	151	0	0	0	158	161	140	401	37	366	364	83	906	0	371
e6ce4ccb3193e67a3dff7058d15da793	0	0	0	196	228	141	274	94	35	0	61	37	398	246	203	249	38	230	331	121	402	322	251	301	173	337	73	275	394	347	189	284	76	193	247	83	0	233	186	228	134	86	245	424	101	119	60	33	202	78	245	172	47	40	159	179	98
8cca990840a9bb5dc825036b129be94e	0	0	0	175	0	154	0	0	353	0	74	0	76	0	0	295	0	0	183	0	112	0	216	239	681	827	578	204	317	143	693	277	1078	0	0	0	0	0	0	410	69	0	170	433	799	0	0	0	0	0	0	0	261	170	230	0	183
f45f4e0a7d43ceed93e239b1538dc93b	0	0	0	671	115	118	0	250	100	2502	55	124	87	210	48	62	36	231	45	102	35	57	52	30	19	0	26	101	71	129	491	0	278	197	58	254	46	41	17	26	201	169	0	41	17	76	0	95	282	227	0	301	0	107	170	0	1006
b4e3ad1e3169dc2a6039ca1de9daa560	0	0	0	0	76	208	593	372	498	0	62	346	223	664	181	0	70	0	39	0	44	77	178	44	181	1246	60	0	0	0	0	182	126	95	1039	70	141	70	48	0	257	189	92	295	127	134	0	131	236	0	0	66	205	113	145	0	0
eb4bc1a24f8292f50674dd13fa53e569	0	0	0	0	0	0	0	0	0	0	0	51	0	1807	0	0	0	3273	0	0	0	893	0	0	0	0	0	153	0	386	0	0	0	0	0	35	0	634	0	0	0	0	0	0	0	0	0	0	0	229	0	787	0	0	0	0	64
0ccb0edd9c657a8f46137730ba0fc1b6	0	0	0	791	319	841	190	289	75	0	74	114	67	187	84	171	0	0	168	76	110	82	148	234	0	215	62	129	263	362	0	66	0	174	0	77	98	76	83	0	283	268	83	96	0	62	0	224	174	0	338	242	0	48	332	227	244
0f305b33ce7c1cb2440f9e7d35a54c97	0	0	0	490	0	220	212	0	0	79	0	152	225	151	127	0	0	190	0	0	574	110	0	0	0	0	0	0	209	0	139	0	672	274	0	119	105	0	0	324	0	0	0	0	0	128	0	453	886	366	0	929	0	446	0	0	543
de46a8a77df20122166d4deae3b6af89	0	0	0	26	403	559	149	20	21	111	68	0	125	106	317	184	52	132	24	31	34	137	17	91	58	59	106	101	137	311	466	62	398	74	37	27	74	0	48	0	41	43	175	76	60	96	47	294	228	80	120	91	213	24	151	262	861
c0d9e4d0cbfb6d3a14fcfde5e3d99882	0	0	0	0	248	130	60	77	57	0	100	99	112	384	0	0	0	151	127	48	100	45	0	36	0	0	43	0	0	0	225	0	0	547	132	572	0	48	33	47	0	0	86	68	26	28	74	74	430	97	0	806	77	0	0	39	1361
252687405f22d332bc74a329aadbadac	0	0	0	0	0	0	78	0	89	1657	48	0	0	259	0	0	0	154	0	62	238	84	317	51	0	207	0	49	0	0	255	0	0	181	0	302	0	55	0	34	95	127	49	262	0	0	99	103	79	104	75	51	112	621	322	0	44
707fc86a67cce16fcdf983e0c5512e67	0	0	0	0	0	0	0	0	0	0	0	0	0	0	20	0	192	0	0	0	0	0	0	0	0	0	0	0	0	0	31	91	1418	0	0	0	0	0	0	0	0	0	0	90	2064	1427	0	0	0	0	0	0	0	0	0	0	0
c2e370cdbe76864de750c57fce9f7dd6	0	0	21	32	130	67	75	84	130	135	103	27	108	232	71	59	180	113	31	94	52	72	67	64	74	73	42	55	45	59	64	184	84	86	59	148	0	22	26	24	95	65	65	91	68	125	71	34	141	143	97	91	181	60	125	265	106
ecdd4d5c1dd697bb8aa5408176818d27	0	0	0	0	8	9	15	0	0	2113	0	184	591	0	0	12	0	94	0	0	67	6	126	10	5	0	0	0	0	8	0	12	1001	0	0	0	0	6	0	0	0	10	5	0	14	0	0	0	0	17	0	96	7	4	0	0	165
85512657f693063f434f15ce442a0fe2	17	11	15	69	121	53	80	127	50	27	71	13	13	42	22	28	37	24	31	62	41	10	8	95	116	829	126	171	226	232	115	119	242	118	7	75	0	94	70	40	75	64	13	22	39	62	5	25	77	112	96	49	49	31	60	70	11
2ef10e1aac3da6a56c40bb544db6c959	0	0	0	0	53	104	44	112	90	29	94	51	61	315	0	0	19	0	59	0	70	43	56	162	0	275	0	219	163	55	0	338	469	0	23	0	0	70	68	76	178	137	47	0	28	30	0	0	0	182	40	352	32	0	173	0	0
bb254389b01cd3c9f7145656b2cf06be	0	0	0	0	0	0	0	0	0	0	0	530	675	3112	0	0	0	0	0	0	0	0	0	0	0	0	0	0	0	0	0	0	0	0	0	0	0	0	0	0	0	0	0	0	0	0	0	0	0	0	0	0	0	0	0	0	0
13359c5809345bcf300baee5a0837c64	0	0	0	0	0	0	0	74	423	127	420	0	0	0	0	0	0	0	570	0	693	474	666	0	0	0	0	0	0	0	0	0	0	0	0	0	0	0	0	0	0	0	0	184	413	258	0	0	0	0	0	0	0	0	0	0	0
97a09dd9f3900af6864c44bf000b12f5	0	0	0	109	38	64	54	75	54	0	84	0	111	62	47	90	30	104	36	89	121	147	72	58	0	33	61	49	53	0	252	32	31	69	55	30	0	114	0	91	112	102	44	179	0	0	478	51	57	38	60	167	0	39	115	45	385
1376aa53e7442a71e94e663708e229e5	114	61	184	0	0	0	0	0	0	0	50	0	92	0	0	0	0	0	0	0	0	0	0	0	0	0	0	0	0	0	0	0	0	0	0	0	0	0	42	0	0	0	0	0	0	0	0	0	0	0	0	0	0	0	0	0	3586
4979af56462396c86c220109241811b0	0	0	440	38	253	70	21	59	26	14	70	37	45	71	73	36	21	80	22	34	49	68	71	53	22	51	183	68	22	43	88	10	268	73	37	73	0	71	44	18	109	98	61	89	55	71	14	148	133	13	46	39	63	11	109	315	19
1bc5259c39e088fcd9f6b16f94f83cff	0	0	0	0	0	0	0	0	0	0	0	35	0	846	0	0	0	1478	0	0	0	431	0	0	0	0	0	168	0	266	0	0	0	0	0	0	0	293	0	0	0	0	0	0	0	0	0	0	0	76	0	456	0	0	0	0	59
92a5209774c3382e29fe451afdc3382d	0	0	0	161	356	66	59	107	49	28	50	65	38	54	62	33	56	85	56	49	37	53	111	24	33	20	46	115	0	24	156	0	128	121	0	79	0	0	0	32	137	95	26	0	0	35	79	296	159	74	0	117	63	58	138	99	105
fd8e23c96f686a1c9962399a71f55ea4	0	0	0	209	166	106	39	136	70	22	163	60	57	53	35	0	43	33	24	112	33	0	0	36	0	35	74	225	0	0	235	0	79	94	37	124	0	15	0	0	102	95	43	23	0	0	97	144	41	30	20	67	0	55	145	89	169
bff84564e5bf3471708acec1c046f315	0	0	0	294	63	122	25	99	43	157	51	61	39	69	26	0	0	54	0	56	0	0	0	17	0	0	49	262	0	12	291	0	66	123	0	101	86	0	0	0	150	222	0	0	0	0	0	106	0	38	0	151	0	63	95	54	219
f428e96cc07fa587fbafe2fc096d78fa	0	0	0	0	148	0	0	0	0	0	0	0	0	0	0	0	0	0	0	0	0	123	0	0	0	0	0	0	46	0	0	60	0	0	0	0	0	44	0	0	0	0	0	52	0	0	0	0	0	0	61	0	0	214	0	231	2017
082cecb3e937cb47529c9812a5a6170c	0	0	0	123	112	61	0	528	0	0	45	0	0	0	0	0	0	28	0	751	0	0	0	0	0	20	0	0	0	0	0	0	0	275	240	624	0	0	0	0	0	0	0	0	0	0	0	0	0	0	0	0	0	0	0	0	0
97589126d9c916712307fa6f4c1f65b1	0	0	0	179	98	60	29	126	35	133	61	40	49	88	0	27	0	38	0	85	0	0	0	50	0	37	35	180	0	0	191	0	29	112	0	118	32	0	0	0	113	139	0	0	0	0	0	104	0	39	0	110	0	52	72	60	233
63925da2e07e0f8756aa720b39347deb	0	0	0	264	312	135	244	0	0	0	0	0	0	0	125	88	49	0	0	0	0	0	0	0	0	0	0	0	0	0	0	0	0	0	0	0	0	0	0	0	0	0	0	563	276	674	0	0	0	0	0	0	0	0	0	0	0
602eaee8dd5b2d1ae504a10bc7b3fe0a	18	14	0	47	47	35	70	36	0	23	30	14	0	31	24	40	0	53	12	39	20	14	5	27	49	624	37	114	64	60	59	61	82	34	0	22	0	34	35	21	24	31	20	14	32	38	0	17	76	32	28	39	24	32	55	34	0
e3af1ca33f2742b803d80e2d1685a0a8	0	0	0	0	512	0	116	41	0	0	33	0	18	0	0	0	0	0	0	16	90	80	0	126	0	0	77	0	47	71	0	0	70	0	0	0	0	67	0	0	0	27	0	48	0	0	0	0	0	28	75	0	0	61	0	22	728
92a5653579b638b23a3b899259a4e896	0	0	0	0	68	0	53	0	0	0	0	0	256	44	45	45	0	33	34	0	84	96	72	49	0	0	0	0	35	0	78	51	76	0	87	59	0	91	0	92	0	0	59	133	0	0	0	0	41	28	54	180	0	0	101	51	242
3aa0efea974c2b036fe8f7db8905ed47	0	0	0	40	38	26	38	86	0	10	20	0	47	25	57	32	30	29	86	18	93	58	70	37	103	53	18	69	66	48	69	71	64	33	38	0	0	43	25	78	27	35	54	91	17	0	0	12	90	57	23	53	0	0	47	8	69
2fd0e8a81a58bb6bff6f9010042324ff	0	0	0	0	112	374	0	0	0	0	0	0	0	0	0	0	0	0	0	0	0	0	139	0	0	0	0	0	0	0	0	0	1278	0	0	0	0	0	0	0	0	0	0	0	0	0	0	0	0	0	0	0	0	0	0	0	0
fc08a95e65a544c11e2f1e5014ce56d3	0	0	0	0	178	0	0	34	19	0	57	0	27	0	0	0	0	0	0	16	0	288	0	37	0	0	28	29	55	0	13	103	0	0	0	20	8	59	59	12	0	18	5	36	54	43	0	0	0	64	270	0	66	206	25	0	0
72b7ef67650cb47ff05a15776d6afdc6	0	0	0	0	0	0	0	0	0	0	0	0	776	0	0	0	0	0	0	0	0	0	0	0	0	0	0	0	0	0	0	0	0	0	0	0	0	311	611	0	0	0	0	0	0	0	0	0	0	0	0	0	0	0	0	0	93
03c552ebdd8740b1ffa5ecd6c578e6ea	0	0	0	0	0	0	0	0	87	0	0	0	0	0	0	0	0	0	0	0	0	0	0	0	0	0	0	0	0	0	37	348	268	0	0	0	0	557	177	185	0	0	0	0	0	0	0	0	0	0	0	0	0	0	0	0	0
06c3b97747f2cfbb2f8f9ed5ebf67eac	0	0	0	35	30	26	29	10	0	44	14	0	28	12	36	39	37	17	38	31	33	18	19	53	53	27	25	30	16	41	41	7	18	13	26	0	0	18	33	25	22	9	45	36	23	0	0	27	45	29	19	53	0	0	30	62	96
e32710150f04947c3aec9d9611eca566	0	0	0	0	0	0	0	0	0	0	0	0	47	39	89	107	10	121	0	0	0	0	0	0	0	0	78	0	0	0	438	12	12	0	14	0	0	0	0	0	0	0	0	138	0	51	10	0	0	0	0	0	0	0	0	0	195
b9c47c727302f2595c74a0644063a53a	0	0	0	32	18	37	38	98	24	0	53	0	0	0	0	0	0	0	13	0	0	21	0	24	8	62	0	33	0	0	195	0	0	38	0	21	0	19	16	0	65	70	0	0	0	0	0	55	0	0	0	0	15	22	52	0	312
840dbe8025e88da6000aa8174899a682	0	0	0	0	0	0	0	0	0	0	0	0	0	0	0	0	0	0	0	0	0	0	0	0	0	0	0	0	0	0	0	0	0	0	0	1159	0	0	0	0	0	0	0	0	0	0	0	0	0	0	0	109	0	0	0	0	56
75ea64447e3d072dcdd39c3daf7e8f66	0	0	0	0	0	0	0	0	34	29	0	0	0	0	0	0	0	0	0	0	0	21	0	0	0	0	29	0	0	0	0	0	0	0	0	0	120	0	0	0	176	164	0	0	0	0	28	0	563	0	0	0	0	0	0	0	0
f0915bcddeaa78e262676777b5f32056	0	0	0	0	0	12	25	29	9	5	3	0	0	24	14	18	0	0	2	18	12	0	0	14	26	496	10	46	33	26	17	11	53	16	0	5	12	0	21	9	15	0	0	0	5	0	0	0	39	36	12	0	10	0	38	12	0
d0eec319b83abcb87137c96af4ca2426	0	0	0	12	34	37	26	25	17	0	26	0	0	11	0	25	0	0	0	10	18	0	0	16	66	251	19	0	52	0	47	25	0	18	0	9	0	30	17	0	0	31	0	0	0	30	0	17	53	42	0	17	0	21	29	0	0
e41d674a968c62d50056731539b1049a	0	0	0	14	48	12	22	0	0	0	32	0	0	22	45	0	0	0	32	0	34	28	23	20	36	34	26	29	19	23	31	17	39	0	24	0	0	18	0	0	29	0	33	49	0	32	0	12	36	35	22	30	0	0	21	16	48
eb13bd654fa29282d97481e051f1659a	0	0	0	67	66	0	0	0	62	0	0	0	0	0	0	0	0	0	0	0	0	0	0	0	0	85	0	0	71	0	0	0	0	0	0	51	0	0	0	38	200	172	0	69	0	0	0	0	0	0	0	0	0	0	0	0	0
dc05e5d63159bccee9fcafd0ca8326cc	0	0	0	13	15	24	0	0	0	0	12	0	0	0	0	0	0	0	0	30	15	61	0	29	0	0	12	0	69	40	11	29	15	0	0	9	26	72	29	13	18	30	34	50	0	22	0	0	0	21	67	0	14	63	22	0	0
d9d39e09b94c42a4ca57501b6038d2ac	0	0	0	45	0	0	0	135	0	0	21	0	0	0	0	0	0	0	0	309	0	0	0	0	0	0	0	0	0	0	0	0	0	109	61	131	0	0	0	0	0	0	0	0	0	0	0	0	0	0	0	10	0	0	0	0	0
3f27fe0a940ac1fce4ef3daa6cf8443d	0	0	0	0	0	0	0	0	0	0	0	0	45	0	493	0	0	0	0	0	0	0	0	0	0	0	0	0	0	0	0	0	0	0	0	0	0	0	0	0	0	0	0	0	0	0	0	0	0	0	0	56	0	0	0	0	65
83b43474492b25f0d309b36bc220500e	0	0	0	0	0	0	0	0	17	0	0	0	15	0	0	0	28	0	0	0	0	0	0	0	0	420	0	0	69	0	0	0	0	0	0	0	0	0	0	0	0	0	0	0	0	0	0	0	46	0	0	0	0	0	0	23	16
3b714ace7dcc7eae4679182c172da623	0	0	0	0	0	0	0	61	0	0	0	0	0	93	0	0	0	0	0	0	0	0	0	0	0	0	0	0	0	0	0	0	0	0	0	0	0	0	0	0	0	0	0	0	268	165	0	0	0	0	0	0	0	0	0	0	0
b3305d116a814c0054d71a0003e47f81	0	0	0	0	0	0	0	55	0	31	0	0	0	0	0	0	0	0	0	36	0	0	0	0	36	0	0	38	0	19	189	0	0	0	0	0	0	0	0	0	45	0	0	0	24	0	0	0	0	0	0	0	0	26	0	0	45
16367e8ce8d1b80c3f6c6225484f1648	0	0	0	0	0	0	0	0	0	0	0	0	0	0	0	0	0	0	0	0	0	0	0	0	0	0	0	0	0	0	0	0	0	0	0	0	0	0	0	0	0	0	0	0	0	0	0	0	508	0	0	0	0	0	0	0	0
aafa13dbc38301df7b54dc687b9ca93a	0	0	0	0	0	0	0	0	0	0	0	0	0	0	0	0	0	55	95	0	0	0	0	0	0	0	0	0	0	0	0	0	0	0	0	0	0	58	42	0	0	0	0	50	0	0	0	0	86	0	0	0	0	41	0	0	67
423c2793c04015fca3be4f89208d87a8	0	0	0	0	0	0	0	0	0	0	0	0	0	0	0	0	0	0	0	0	0	0	0	0	0	0	0	0	0	0	0	0	0	0	0	0	0	0	0	0	0	0	0	0	0	0	0	0	0	0	0	0	0	0	0	0	460
de7d7acfbf1f068c5a3d2de747ab293f	0	0	0	0	0	0	0	0	0	0	34	0	0	0	0	0	0	0	0	0	0	0	0	0	0	0	0	0	0	0	0	0	0	0	0	0	0	0	43	0	0	0	0	0	0	0	0	0	0	0	0	0	0	0	0	0	358
7a5141df6bf21781ceeec3bc4a6aecff	0	0	0	0	0	0	0	0	0	0	0	0	0	0	0	0	0	0	0	0	0	0	0	0	0	0	0	0	0	0	0	0	0	0	0	0	0	0	0	0	0	48	0	26	0	326	0	0	0	0	0	0	0	0	0	0	0
390b74783963516fc3186998246dbf4d	0	0	0	0	0	0	0	0	0	0	0	0	0	0	0	0	0	0	0	0	0	0	0	0	0	0	0	0	0	0	0	0	0	0	0	0	0	0	0	0	0	0	0	0	0	0	0	0	399	0	0	0	0	0	0	0	0
8311491d1b4ddeb656267bee47d53d2a	0	0	0	0	23	11	8	0	0	0	7	0	0	0	0	0	0	18	0	0	0	0	0	8	9	142	11	0	0	27	0	0	48	5	0	9	0	0	0	0	0	0	0	0	8	0	0	19	0	0	9	0	0	8	0	7	0
5362ff4cb5abd4bd1d8825224b7b05ae	0	0	0	0	0	0	0	0	0	0	0	0	9	12	12	23	0	23	0	0	0	0	0	0	0	0	7	0	0	0	50	0	0	0	0	0	0	0	0	0	0	0	0	18	0	10	0	0	0	0	0	0	0	0	0	0	193
36f76b256771d8dfb36971a5fc6896ff	0	0	0	0	0	0	8	0	0	8	0	0	0	0	0	0	0	0	0	0	0	0	0	3	0	220	0	0	16	0	0	0	60	0	0	0	0	0	0	0	0	0	5	0	0	0	0	8	0	0	15	0	0	0	0	0	5
3e8bc65da4deea972adae489fda024d8	0	0	0	0	0	0	0	0	0	0	87	0	0	0	53	50	0	81	0	0	0	0	0	0	0	0	0	0	0	0	0	0	0	0	0	0	0	0	0	0	0	0	0	0	0	0	0	0	0	0	0	0	0	0	0	0	70
8a41342db40d098a2c02b8741bb4806c	0	0	0	0	0	0	0	56	0	21	13	0	0	0	0	0	0	0	0	0	0	0	0	0	27	0	17	0	0	0	122	0	0	0	0	0	0	0	0	0	27	27	0	0	0	0	0	0	0	0	0	0	0	0	0	0	28
74f8498cef484426009ac79dbf1902bd	0	0	0	0	0	0	0	0	0	0	0	0	0	0	0	0	0	0	0	0	0	0	0	0	0	0	0	0	0	0	0	0	0	0	0	0	0	81	0	0	0	0	0	0	0	0	0	0	0	0	0	0	0	0	149	0	91
9f1c427805f1b81e0ef8c5d244859b48	0	0	0	0	0	0	7	14	0	0	0	0	0	9	0	0	0	6	0	0	0	0	0	0	0	163	0	0	0	11	9	19	0	0	0	0	0	14	0	0	0	15	0	7	0	11	0	0	11	0	0	0	8	7	0	6	0
10b89d9a2b71ef7a8de0d98e37f111ad	0	0	0	0	0	0	0	0	0	0	0	0	0	0	0	0	0	0	0	0	0	0	0	0	0	314	0	0	0	0	0	0	0	0	0	0	0	0	0	0	0	0	0	0	0	0	0	0	0	0	0	0	0	0	0	0	0
6b717b489379a176d4e6ccc31d5a7b49	0	0	0	11	10	0	8	0	0	0	0	0	0	0	0	0	7	3	0	9	0	0	0	0	0	224	10	0	0	0	0	7	0	0	0	0	0	0	0	4	0	0	0	0	0	0	0	0	3	0	0	6	0	0	0	0	0
f580080611cc499766761501510bc175	0	0	0	0	0	0	0	0	0	0	0	0	0	0	0	0	0	0	0	104	0	0	0	0	0	0	0	0	0	0	141	0	0	0	0	0	0	0	0	0	0	0	0	0	0	0	0	0	0	0	0	0	0	47	0	0	0
ea92b66eadfda08ae58787276ed697b6	0	0	0	0	0	3	0	0	0	0	0	0	0	0	0	0	0	0	0	0	0	0	0	0	0	0	0	0	0	0	0	0	10	0	0	0	0	0	0	0	0	0	0	0	0	0	0	0	0	0	0	0	0	275	0	0	0
7caa661b91d3a5bba55732d747287c22	0	0	0	0	0	0	0	0	0	0	0	0	0	0	0	0	0	0	0	0	0	0	0	0	0	0	0	72	0	0	0	0	0	0	0	0	0	0	0	0	0	0	0	0	0	0	0	0	0	0	0	0	0	0	0	0	192
8a462cf114d2b5994b4ca379e3bca433	0	0	0	0	0	0	0	0	0	0	0	0	0	0	0	0	0	0	0	0	0	0	0	0	0	243	0	0	0	0	0	0	0	0	0	0	0	0	0	0	0	0	0	0	0	0	0	0	0	0	0	0	0	0	0	0	0
9c9a91018a2fa7b394a2980d69481c2e	0	0	0	231	0	0	0	0	0	0	0	0	0	0	0	0	0	0	0	0	0	0	0	0	0	0	0	0	0	0	0	0	0	0	0	0	0	0	0	0	0	0	0	0	0	0	0	0	0	0	0	0	0	0	0	0	0
ad50d49ace74817d6b2d316704deecf7	0	0	0	0	0	0	0	0	0	0	0	0	0	0	0	0	0	0	0	0	0	0	0	0	0	207	0	0	0	0	0	0	0	0	0	0	0	0	0	0	0	0	0	0	0	0	0	0	0	0	0	0	0	0	0	0	0
13a9934a0382a34fbdb6c5b309d4d074	0	0	0	14	0	0	0	0	0	17	9	0	0	0	0	8	3	0	0	2	0	0	0	4	0	0	5	25	7	0	0	0	17	18	0	0	0	0	0	6	4	7	0	0	0	0	2	0	5	0	0	0	0	0	23	15	0
7ae571bbf6efe238e318e1e3a3d6cb78	0	0	0	0	0	0	0	0	0	0	0	0	0	0	0	0	0	0	58	0	0	0	127	0	0	0	0	0	0	0	0	0	0	0	0	0	0	0	0	0	0	0	0	0	0	0	0	0	0	0	0	0	0	0	0	0	0
49ded3f6074b401b5870f66428f48b03	0	0	0	0	0	0	5	0	0	0	0	0	0	0	0	0	0	0	0	0	0	0	0	0	0	0	0	0	0	0	0	0	0	11	0	0	0	0	0	0	0	0	0	0	0	0	0	0	0	11	0	0	0	0	0	0	157
d485e3f17b7c810ccbd48a39b733e3d7	0	0	0	0	0	0	9	3	0	4	2	0	0	0	0	0	0	0	0	0	2	0	0	0	0	156	7	0	0	0	0	0	0	0	0	0	0	0	0	0	0	0	0	0	0	0	0	0	0	0	0	0	0	0	0	0	0
f4a8ac575133685abffaca1625751bad	0	0	0	14	0	0	20	19	0	0	0	0	0	0	0	17	0	0	0	0	0	0	0	0	12	0	0	16	16	13	0	0	15	0	0	0	0	0	8	0	0	0	0	0	0	0	0	0	0	0	0	0	0	0	0	29	0
abfeb7be4c944d6e9f351b0497fb97ff	0	0	0	0	0	0	0	0	0	0	0	0	0	0	0	0	0	0	0	0	0	0	41	0	0	0	0	0	73	0	0	0	0	0	0	0	0	0	0	0	0	33	0	0	0	0	0	0	0	0	0	0	0	31	0	0	0
16bb51c38970a932135df882442e72fd	0	0	0	9	15	0	9	12	0	0	0	0	0	0	0	0	0	0	0	6	0	0	0	0	0	22	0	14	0	18	0	0	0	0	0	0	0	0	0	0	0	12	5	0	6	7	0	0	0	0	15	0	0	0	0	22	0
b3d7562614804655a1176b3126e4a5a2	0	0	0	0	0	0	0	0	0	0	0	0	0	0	0	0	0	0	0	0	0	0	0	0	0	171	0	0	0	0	0	0	0	0	0	0	0	0	0	0	0	0	0	0	0	0	0	0	0	0	0	0	0	0	0	0	0
b3b10d27240717cfdd23214beefb203a	0	0	0	0	0	0	0	0	0	0	0	0	0	0	0	0	0	0	0	0	0	0	0	0	0	64	0	24	0	39	0	0	0	0	0	0	0	0	0	0	0	0	0	0	18	0	0	0	0	0	26	0	0	0	0	0	0
04f55d2e8791d1c1050157c0c7d317ca	0	0	0	0	0	0	0	0	0	0	47	0	0	0	33	0	0	0	17	0	0	0	0	0	0	0	0	0	0	29	0	0	0	21	0	0	0	0	0	0	0	0	0	0	0	0	0	0	0	0	0	0	0	0	0	0	20
0a32721c68f1ecd7342ed65d7928a8f8	0	0	0	0	0	0	0	0	0	0	0	0	0	0	0	0	0	0	0	0	0	0	0	0	0	163	0	0	0	0	0	0	0	0	0	0	0	0	0	0	0	0	0	0	0	0	0	0	0	0	0	0	0	0	0	0	0
92e1266f127839eb835571cfce1d5da8	0	0	0	0	0	0	0	0	0	0	0	0	0	0	0	0	0	0	0	0	0	0	0	0	0	0	0	0	0	0	0	0	69	0	0	0	0	0	0	0	14	0	0	0	0	0	0	0	0	0	0	0	10	0	0	63	0
ba21ee9e3681ca0dbfaffce4819cb5b9	0	0	0	0	0	0	0	0	0	0	0	0	0	0	0	0	0	0	0	0	0	0	0	0	0	153	0	0	0	0	0	0	0	0	0	0	0	0	0	0	0	0	0	0	0	0	0	0	0	0	0	0	0	0	0	0	0
e7c5bed0bdc1b117cfc335bbe871411b	0	0	0	0	0	0	0	0	0	0	0	0	0	0	0	0	0	0	0	0	0	0	0	0	0	152	0	0	0	0	0	0	0	0	0	0	0	0	0	0	0	0	0	0	0	0	0	0	0	0	0	0	0	0	0	0	0
93091a3598ba288889cd2e231419b78a	0	0	0	0	0	0	0	0	0	6	0	0	0	13	0	0	14	14	0	8	0	0	0	0	0	0	0	0	0	0	0	0	0	17	0	0	0	28	0	0	0	0	0	0	8	0	0	0	8	0	0	11	0	0	9	8	0
418100560c423c64e044d2343af744a7	0	0	0	0	87	0	0	0	0	0	0	0	0	0	0	0	0	0	0	0	0	0	0	0	0	0	0	0	0	0	0	0	0	0	0	0	0	0	0	0	0	0	0	0	0	0	0	0	51	0	0	0	0	0	0	0	0
e2b29c444573bf7a68c0c587d5921bf3	0	0	0	0	0	0	0	0	0	0	0	0	0	0	0	0	0	0	0	0	0	0	0	0	0	137	0	0	0	0	0	0	0	0	0	0	0	0	0	0	0	0	0	0	0	0	0	0	0	0	0	0	0	0	0	0	0
4da8d597212e9f114ddfa51d77f5955e	0	0	0	0	58	0	0	0	0	0	0	0	72	0	0	0	0	0	0	0	0	0	0	0	0	0	0	0	0	0	0	0	0	0	0	0	0	0	0	0	0	0	0	0	0	0	0	0	0	0	0	0	0	0	0	0	0
77ecf4e288aa6a072d0eb4bb717ef0f7	99	0	23	0	0	0	0	0	0	0	0	0	0	0	0	0	0	0	0	0	0	0	0	0	0	0	0	0	0	0	0	0	0	0	0	0	0	0	0	0	5	0	0	0	0	0	0	0	0	0	0	0	0	0	0	0	0
678ab53332aef81d07777809ff7996b8	0	0	0	0	0	0	0	0	0	0	0	0	0	0	0	0	0	0	0	0	0	0	0	0	0	125	0	0	0	0	0	0	0	0	0	0	0	0	0	0	0	0	0	0	0	0	0	0	0	0	0	0	0	0	0	0	0
ade389d9a661ca67f570e7748576b7e7	0	0	0	0	0	0	0	0	0	0	0	0	0	0	0	0	0	0	0	0	0	0	0	0	0	0	0	0	0	0	0	0	0	0	0	0	0	0	0	0	0	0	0	0	0	124	0	0	0	0	0	0	0	0	0	0	0
9bba51de02a5ece0c287778023b71410	0	0	0	0	0	0	0	0	0	0	0	0	0	0	0	0	0	0	0	0	0	0	0	0	0	0	0	0	0	0	0	0	0	0	0	0	0	0	0	0	0	0	0	0	0	0	0	0	0	0	0	0	0	0	0	0	120
f4f0a9a4efeb8240be7c25f0de92304a	0	5	0	0	0	4	0	0	0	0	0	0	0	16	0	0	0	0	0	25	0	0	0	0	0	0	25	0	0	0	0	0	0	0	0	0	2	0	15	0	0	0	8	0	0	7	0	0	0	0	9	0	0	0	0	0	0
96ae8d1ba07060e8b0462daa2f5cf585	0	0	0	0	0	0	0	0	0	0	0	0	0	0	0	0	0	0	0	0	0	0	0	0	0	0	0	0	0	0	0	0	0	0	0	0	0	0	0	0	0	0	0	114	0	0	0	0	0	0	0	0	0	0	0	0	0
2ea8fcab253a611dce520a113e203332	0	0	0	0	13	0	0	0	10	0	0	0	0	0	0	0	0	0	0	0	0	9	0	0	0	0	0	7	0	0	0	0	0	0	0	0	0	0	0	0	0	0	0	0	0	0	0	0	0	0	26	0	0	0	0	0	45
2ad73529b5b56f15233fe9071f9076bd	0	0	0	0	0	0	0	0	0	0	0	0	0	0	0	0	0	0	0	0	0	0	0	0	0	0	0	0	0	0	0	0	0	0	0	0	0	0	0	0	0	0	0	0	0	0	0	0	0	0	0	0	0	0	0	0	107
1610f246d14c1eb8f9083711239fb836	0	0	0	0	0	0	0	0	0	0	0	0	0	0	0	0	0	0	0	0	0	0	0	0	0	104	0	0	0	0	0	0	0	0	0	0	0	0	0	0	0	0	0	0	0	0	0	0	0	0	0	0	0	0	0	0	0
c860cecce5fe44cbc6d1c6e343b26a6a	0	0	0	0	0	0	0	0	0	0	0	0	0	0	0	0	0	0	0	0	0	0	0	0	0	104	0	0	0	0	0	0	0	0	0	0	0	0	0	0	0	0	0	0	0	0	0	0	0	0	0	0	0	0	0	0	0
7c8563ef55fec17ff22940b17fbfa04e	0	0	0	7	9	0	0	0	0	0	0	0	0	0	0	0	0	0	0	0	0	0	0	5	4	14	5	0	5	4	0	12	0	0	0	0	0	0	0	0	0	11	0	0	0	3	0	0	9	0	0	4	0	0	3	3	0
19567bfe129e1cde877e7aa83fe7def5	0	0	0	0	0	0	0	0	0	0	0	0	0	0	0	0	0	0	0	0	0	0	0	0	0	92	0	0	0	0	0	0	0	0	0	0	0	0	0	0	0	0	0	0	0	0	0	0	0	0	0	0	0	0	0	0	0
34b813c559ee2e9f0d337762536031db	0	0	0	0	0	0	0	0	0	0	0	0	0	0	0	0	0	0	0	0	0	0	0	0	0	0	0	0	0	0	0	0	0	0	0	0	0	0	0	0	0	0	0	0	0	0	0	0	0	0	0	0	0	0	0	0	92
a2dc6d61c32ba8a22c48137835951e59	0	0	0	0	0	0	0	0	0	0	0	0	58	0	0	0	0	0	0	0	0	0	0	0	0	0	0	0	0	0	0	0	0	0	0	0	0	32	0	0	0	0	0	0	0	0	0	0	0	0	0	0	0	0	0	0	0
3e58eab9c0b783230cac3f1f1c56e83b	0	0	0	0	0	0	0	0	0	0	0	0	0	0	0	0	0	0	0	0	0	0	0	0	0	88	0	0	0	0	0	0	0	0	0	0	0	0	0	0	0	0	0	0	0	0	0	0	0	0	0	0	0	0	0	0	0
4278ddf7bffbf7570bdf6e2ae603bc88	0	0	0	4	0	8	0	0	0	0	0	0	0	0	0	0	0	2	0	0	0	0	0	0	0	0	0	10	0	7	0	0	36	0	0	0	0	0	8	0	0	0	3	0	0	0	0	0	0	0	0	8	0	0	0	0	0
7241fb9edb85e95a9135a3b556c24b1c	0	0	0	0	0	0	0	0	0	0	0	0	0	0	0	0	0	0	0	0	0	0	0	0	0	82	0	0	0	0	0	0	0	0	0	0	0	0	0	0	0	0	0	0	0	0	0	0	0	0	0	0	0	0	0	0	0
3050092af8fbeaa57a671556a67d9101	0	0	0	0	0	0	0	0	0	0	0	0	0	0	0	0	0	0	0	0	0	0	0	0	0	77	0	0	0	0	0	0	0	0	0	0	0	0	0	0	0	0	0	0	0	0	0	0	0	0	0	0	0	0	0	0	0
2499727f2cad4d07cd22d61f31fd5407	0	0	0	0	0	0	0	0	0	0	0	0	0	0	0	0	0	0	0	76	0	0	0	0	0	0	0	0	0	0	0	0	0	0	0	0	0	0	0	0	0	0	0	0	0	0	0	0	0	0	0	0	0	0	0	0	0
9f76a8c838be7b61af62a2fcd1524363	0	0	0	0	0	0	0	0	0	0	0	0	0	0	0	0	0	0	0	0	0	0	0	0	0	73	0	0	0	0	0	0	0	0	0	0	0	0	0	0	0	0	0	0	0	0	0	0	0	0	0	0	0	0	0	0	0
823a0e123d1736ae2f9d46880f33c61b	0	0	0	0	0	0	0	0	0	0	0	0	0	0	0	0	0	0	0	0	0	0	0	0	0	71	0	0	0	0	0	0	0	0	0	0	0	0	0	0	0	0	0	0	0	0	0	0	0	0	0	0	0	0	0	0	0
19efab7c7705316fa10ff6252679febe	0	0	0	0	0	0	0	0	0	0	0	0	0	0	0	0	0	0	0	0	0	0	0	0	0	0	0	0	0	0	0	0	0	0	0	0	0	0	0	0	0	0	0	0	0	0	0	0	0	0	0	0	0	0	0	0	71
e644ee80ac220e0a43fd1736137ca6dd	0	0	0	0	0	0	0	0	0	0	0	0	0	0	0	0	0	0	0	70	0	0	0	0	0	0	0	0	0	0	0	0	0	0	0	0	0	0	0	0	0	0	0	0	0	0	0	0	0	0	0	0	0	0	0	0	0
ff7031b5f641600fb8bee8bf6460d1c3	0	0	0	0	0	0	0	0	0	0	0	0	0	0	0	0	0	0	0	0	0	0	0	0	0	65	0	0	0	0	0	0	0	0	0	0	0	0	0	0	0	0	0	0	0	0	0	0	0	0	0	0	0	0	0	0	0
67d624a17e9db316a2fce8007eb2c19c	0	0	0	0	0	0	0	0	0	0	0	0	0	0	0	0	0	0	0	0	0	0	0	0	0	65	0	0	0	0	0	0	0	0	0	0	0	0	0	0	0	0	0	0	0	0	0	0	0	0	0	0	0	0	0	0	0
84318daf141af9eda29611b161ccdd70	0	0	0	0	0	0	0	0	0	0	0	0	0	0	0	0	0	0	32	0	32	0	0	0	0	0	0	0	0	0	0	0	0	0	0	0	0	0	0	0	0	0	0	0	0	0	0	0	0	0	0	0	0	0	0	0	0
903b4671d3fb08bb422667102473d39d	0	0	0	0	0	0	0	0	0	0	0	0	0	0	0	0	0	0	0	0	64	0	0	0	0	0	0	0	0	0	0	0	0	0	0	0	0	0	0	0	0	0	0	0	0	0	0	0	0	0	0	0	0	0	0	0	0
a5333777f4f9c4216aa56e6446f2a58b	0	0	0	0	0	0	0	63	0	0	0	0	0	0	0	0	0	0	0	0	0	0	0	0	0	0	0	0	0	0	0	0	0	0	0	0	0	0	0	0	0	0	0	0	0	0	0	0	0	0	0	0	0	0	0	0	0
0e97ea7bf1d041179103af7fb694b0a9	0	0	0	0	0	0	0	0	0	0	0	0	0	0	0	0	0	0	11	0	0	0	0	0	0	0	0	0	0	0	0	0	0	0	0	0	0	0	0	0	0	9	0	0	5	11	0	6	0	0	0	0	9	9	0	0	0
7eef4cbea96cae8a45c33706914d837b	0	0	0	0	0	0	0	0	0	0	0	0	0	0	0	0	0	0	0	0	0	0	0	0	0	0	0	0	0	0	0	0	0	0	0	0	0	0	0	0	0	0	0	0	0	0	0	0	0	0	0	0	0	0	0	0	60
8304a0e22accd08669a86e0cdb9af16a	0	0	0	0	0	0	0	0	0	0	0	0	0	0	0	0	0	0	0	0	56	0	0	0	0	0	0	0	0	0	0	0	0	0	0	0	0	0	0	0	0	0	0	0	0	0	0	0	0	0	0	0	0	0	0	0	0
8ea2fdbd18dd1651dcaf06426f044016	0	0	0	0	0	0	0	0	0	0	0	0	0	0	0	0	0	0	0	54	0	0	0	0	0	0	0	0	0	0	0	0	0	0	0	0	0	0	0	0	0	0	0	0	0	0	0	0	0	0	0	0	0	0	0	0	0
44afcea29259e514b8691347b7fed649	0	0	0	0	11	0	0	0	3	0	4	0	0	0	0	0	0	0	0	0	0	0	0	3	0	0	0	0	0	0	0	0	9	0	0	0	0	0	3	0	8	0	0	0	0	0	0	0	11	0	0	0	0	0	0	0	0
12ded383d1d5f98dc210039bb5333a88	0	0	0	0	0	0	0	0	0	0	0	0	0	0	0	0	0	0	0	0	0	0	0	0	0	0	52	0	0	0	0	0	0	0	0	0	0	0	0	0	0	0	0	0	0	0	0	0	0	0	0	0	0	0	0	0	0
b84bf86715b9237dd930156f4aa93874	0	0	0	0	0	0	0	0	0	0	0	0	0	0	0	0	0	0	0	0	0	0	0	0	0	0	0	0	0	0	0	0	0	0	0	0	0	0	0	0	0	0	0	0	0	0	0	0	0	0	0	0	0	0	0	0	51
b791cd08a49a545bfd3da33ea22687b2	0	0	0	0	0	0	0	0	0	0	0	0	0	0	0	0	0	0	0	50	0	0	0	0	0	0	0	0	0	0	0	0	0	0	0	0	0	0	0	0	0	0	0	0	0	0	0	0	0	0	0	0	0	0	0	0	0
6a98fba7c8d0ac725e48316233c8d69d	0	0	0	0	0	0	0	0	0	0	0	0	0	0	0	0	0	0	0	0	0	0	0	0	0	48	0	0	0	0	0	0	0	0	0	0	0	0	0	0	0	0	0	0	0	0	0	0	0	0	0	0	0	0	0	0	0
8ffaad2907aaca57f506210b06a2366f	0	0	0	0	0	0	0	0	0	0	0	0	0	0	0	0	0	0	0	0	0	0	0	0	0	0	0	0	0	0	0	0	0	0	0	0	0	0	0	0	0	0	0	0	0	0	0	0	0	0	0	0	0	0	0	0	45
0bfcaead7e2feed89e178e9638b898ea	0	0	0	0	0	0	0	0	0	0	0	0	0	0	0	0	0	0	0	0	0	0	0	0	0	0	0	0	0	0	0	0	0	0	0	0	0	0	0	0	0	0	0	0	0	0	0	0	0	0	0	0	0	0	0	0	45
e7b2f370feb9a0c6d68f7718537da758	0	0	0	5	0	0	0	0	0	0	0	0	0	0	0	0	0	0	0	0	0	0	0	0	0	30	0	0	0	0	0	0	8	0	0	0	0	0	0	0	0	0	0	0	0	0	0	0	0	0	0	0	0	0	0	0	0
9664fe808d84ac98853b2e7adc9a8547	0	0	0	0	0	0	0	0	0	0	0	0	0	0	0	0	0	0	0	0	0	0	0	0	0	0	0	0	0	36	0	0	0	0	0	0	0	7	0	0	0	0	0	0	0	0	0	0	0	0	0	0	0	0	0	0	0
dd67d9c185ce3eafb2f2df38b751b01b	0	0	0	0	0	0	0	0	0	0	0	0	0	0	0	0	0	0	0	0	0	0	0	0	0	0	0	0	0	0	0	0	0	0	0	42	0	0	0	0	0	0	0	0	0	0	0	0	0	0	0	0	0	0	0	0	0
ae0fc73174f619b325a32e98b6e82227	0	0	0	0	0	0	0	0	0	0	0	0	0	0	0	0	0	0	0	0	0	0	0	0	0	0	0	0	0	0	0	0	0	0	0	0	0	0	0	0	0	0	0	0	0	0	0	0	0	0	0	0	0	0	0	40	0
3e697b7df44b03d0141867f977556cc5	0	0	0	0	0	0	0	0	0	0	3	0	0	0	0	0	0	0	0	4	0	0	0	0	7	0	0	0	0	0	0	0	0	3	0	0	0	0	0	0	0	0	0	0	2	0	0	0	18	0	0	0	0	0	0	0	0
fd76e5ec39baf175377aff84064d3a46	0	0	0	0	0	0	0	0	0	0	0	0	0	0	0	0	0	0	0	0	0	0	0	0	0	36	0	0	0	0	0	0	0	0	0	0	0	0	0	0	0	0	0	0	0	0	0	0	0	0	0	0	0	0	0	0	0
5c3309671dae3513c727c7812550cbaa	0	0	0	0	0	0	0	0	0	0	0	0	0	0	0	0	0	0	0	0	0	0	0	0	0	36	0	0	0	0	0	0	0	0	0	0	0	0	0	0	0	0	0	0	0	0	0	0	0	0	0	0	0	0	0	0	0
f42bc0fec739e73ed6b9db6ad2cf8dcd	0	0	0	0	0	0	0	0	0	0	0	0	0	0	0	0	0	0	0	0	0	0	0	0	0	0	0	0	0	0	0	0	0	0	0	0	0	0	0	0	0	0	0	0	0	0	0	0	0	0	0	0	0	0	0	0	36
2f05c7da86c538ab471f1db4a0244a7d	0	0	0	0	0	0	0	0	0	0	0	0	0	0	0	0	0	0	0	0	0	0	0	0	0	35	0	0	0	0	0	0	0	0	0	0	0	0	0	0	0	0	0	0	0	0	0	0	0	0	0	0	0	0	0	0	0
42655c29f8398f6cd18d034aa858c048	0	0	0	0	0	0	0	0	0	0	0	0	0	0	0	0	0	0	0	0	0	0	0	0	0	0	0	0	0	0	0	0	0	0	0	0	0	8	0	0	0	0	0	0	0	0	0	0	12	0	0	15	0	0	0	0	0
c5614ba083f98fe2c82c65d678db4bf6	0	0	0	0	0	0	0	0	0	0	0	0	0	0	0	0	0	0	0	0	0	0	0	0	0	0	0	0	0	0	0	0	0	0	34	0	0	0	0	0	0	0	0	0	0	0	0	0	0	0	0	0	0	0	0	0	0
5867594963192630300bb64d6716741e	0	0	0	0	0	0	0	0	0	3	0	0	0	0	0	0	0	0	0	0	0	0	0	0	0	0	0	0	0	0	0	0	30	0	0	0	0	0	0	0	0	0	0	0	0	0	0	0	0	0	0	0	0	0	0	0	0
65ddf30dec82ad37df3923042d536048	0	0	0	0	0	0	0	0	0	0	0	0	0	0	6	0	0	0	0	0	0	0	0	0	0	6	3	0	0	0	0	0	0	0	0	5	0	0	0	0	0	0	0	0	0	0	0	0	0	0	0	0	0	4	0	9	0
de297fff080d813a0321cd2cb1d3edba	0	0	0	0	0	0	0	0	0	0	0	0	0	0	0	0	0	0	0	0	0	0	0	0	0	0	0	0	0	0	0	2	6	0	0	0	0	0	0	0	0	2	0	0	0	0	3	0	0	0	0	0	0	0	0	0	20
b641f0fc5f43ff8f61a5f6532d395ae3	0	0	0	0	0	0	0	0	0	0	0	0	0	0	0	0	0	0	0	0	0	0	0	0	0	0	0	0	0	0	0	0	0	0	0	0	0	0	0	0	0	0	0	0	0	0	0	0	0	0	0	0	0	0	0	0	31
802d023aa4d2f528fe005648f1b479c8	0	0	0	0	0	0	0	0	0	0	0	0	0	0	0	0	0	0	0	0	0	0	0	0	0	0	0	0	0	0	0	0	0	0	0	0	0	0	0	0	0	0	0	0	0	0	0	0	0	0	0	0	0	0	0	0	31
1c30731601596b826bc074f712287bb3	0	0	0	0	0	0	0	0	0	0	0	0	0	0	0	0	0	0	0	0	0	0	0	0	0	0	0	0	0	0	0	0	0	0	0	0	0	0	0	0	0	0	0	0	0	0	0	0	0	0	0	0	0	0	0	0	31
2563487ce7e0edf51ce53599b1985abd	0	0	0	0	0	0	0	0	0	0	0	0	0	0	0	0	0	0	0	0	0	0	0	0	0	0	0	0	0	0	0	0	0	0	0	0	0	0	0	0	0	0	0	0	0	0	0	0	0	0	0	0	0	0	0	0	30
ccf139c01c59a0280503d33f8a8af247	0	0	0	0	0	0	0	0	0	0	0	0	0	0	0	0	0	0	0	0	0	0	0	0	0	0	0	0	0	0	0	0	0	0	0	0	0	0	0	0	0	0	0	0	0	0	0	0	0	0	0	0	0	0	0	0	29
82d364a5bc08124f0329beefdf91ddfb	0	0	0	0	0	0	0	0	2	0	0	0	0	0	0	0	0	0	0	0	0	0	0	0	0	0	0	0	0	0	0	0	0	0	0	0	0	8	0	0	0	0	0	0	0	0	0	0	0	0	0	0	0	0	17	0	0
c07c0a44b5ddaa3c76288fa14a441b1e	0	0	0	0	0	0	0	0	0	0	0	0	0	0	0	0	0	0	0	0	0	0	0	0	0	0	0	0	27	0	0	0	0	0	0	0	0	0	0	0	0	0	0	0	0	0	0	0	0	0	0	0	0	0	0	0	0
ddf8457b5b842938056b41ff9400ef12	0	0	0	0	0	0	0	0	0	0	0	0	0	0	0	0	0	0	0	0	0	0	0	0	0	0	0	0	0	0	0	0	0	0	0	0	0	0	0	0	0	0	0	0	0	0	0	0	0	0	0	0	0	0	0	0	27
27061d8fdb7b0b60dc24902fd0a0a4f8	0	0	0	0	0	0	0	0	0	0	0	0	0	0	0	0	0	0	0	0	0	0	0	0	0	26	0	0	0	0	0	0	0	0	0	0	0	0	0	0	0	0	0	0	0	0	0	0	0	0	0	0	0	0	0	0	0
726e6a86d594609e4af1ac3a5b7b3199	0	0	0	0	0	5	0	0	0	0	0	0	0	0	0	0	0	0	0	0	0	0	0	0	0	0	0	0	0	0	0	0	20	0	0	0	0	0	0	0	0	0	0	0	0	0	0	0	0	0	0	0	0	0	0	0	0
7301e574dd4d5cec5deac19429020ffb	0	0	0	0	0	0	0	0	0	0	0	0	0	0	0	0	0	0	0	0	0	0	0	0	0	0	0	0	0	0	0	0	0	0	0	0	0	0	0	0	0	0	0	0	0	0	0	0	0	0	0	0	0	0	0	0	24
fe678286160accbf53943ac0f1884635	0	0	0	0	0	0	0	0	0	0	0	0	0	0	0	0	0	0	0	0	0	0	0	0	23	0	0	0	0	0	0	0	0	0	0	0	0	0	0	0	0	0	0	0	0	0	0	0	0	0	0	0	0	0	0	0	0
45d0c2bbb81eaa2cdaf9efb7a1aa4a30	0	0	0	0	0	0	0	0	0	0	0	0	0	0	0	0	0	0	0	0	0	0	0	0	0	20	0	3	0	0	0	0	0	0	0	0	0	0	0	0	0	0	0	0	0	0	0	0	0	0	0	0	0	0	0	0	0
a0dfa08d035e805799216252ed4d26d3	0	0	0	0	0	0	0	0	0	0	0	0	0	0	0	0	0	0	0	0	0	0	0	0	0	0	0	0	0	0	0	0	0	0	0	0	0	0	0	0	0	0	0	0	0	0	0	0	0	0	0	0	0	0	0	0	23
42d293f1b097bfdbe10b280f51fe0080	0	0	0	0	0	0	0	0	0	0	0	0	0	0	0	0	0	0	0	0	0	0	0	0	0	0	0	0	21	0	0	0	0	0	0	0	0	0	0	0	0	0	0	0	0	0	0	0	0	0	0	0	0	0	0	0	0
e137333a77f2f32f2bd2494d596a7776	0	0	0	0	0	0	0	0	0	0	0	0	0	0	0	0	0	0	0	0	0	0	0	0	0	0	0	0	0	0	0	0	0	0	0	0	0	0	0	0	0	0	0	0	0	0	0	0	0	0	0	0	0	0	0	0	21
1926fdbb518104966361f8ec3378f5e8	0	0	0	0	0	0	0	0	0	0	0	0	0	0	0	0	0	0	0	0	0	0	0	0	0	0	0	0	0	0	0	0	0	0	0	0	0	0	0	0	0	0	0	0	0	0	0	0	0	0	0	0	0	0	0	0	21
ac8ae0ca7ebd7d689e73858f08cea8cb	0	0	0	0	0	0	0	0	0	0	0	0	0	0	0	0	0	0	0	0	0	0	0	0	0	0	0	0	0	20	0	0	0	0	0	0	0	0	0	0	0	0	0	0	0	0	0	0	0	0	0	0	0	0	0	0	0
1f45417329a058f2d0a3c8aa235ed672	0	0	0	0	0	0	0	0	0	0	0	0	0	0	0	0	0	0	0	0	0	0	0	0	0	0	0	0	0	0	0	0	0	0	0	0	0	8	0	0	0	0	0	0	0	0	0	0	0	0	0	0	12	0	0	0	0
78978ceaea6f8fd9f3170116cf4ff40e	0	0	0	0	0	19	0	0	0	0	0	0	0	0	0	0	0	0	0	0	0	0	0	0	0	0	0	0	0	0	0	0	0	0	0	0	0	0	0	0	0	0	0	0	0	0	0	0	0	0	0	0	0	0	0	0	0
658715735955c74c86d8975514984af5	0	0	0	0	0	0	0	0	0	0	0	0	0	0	0	0	0	0	0	0	0	0	0	0	0	0	0	0	0	0	0	0	0	0	0	0	0	0	0	0	0	0	0	0	0	0	0	0	0	19	0	0	0	0	0	0	0
1424176dd043c7666387efc4c9ed71e7	0	0	0	0	0	0	0	0	0	0	0	0	0	0	1	1	0	1	0	0	0	0	0	0	0	0	6	0	0	0	0	0	0	0	0	0	0	0	0	0	0	0	0	0	0	6	0	0	0	0	0	0	0	0	0	0	3
ea099914a1d5e77595027b349a5ede8e	0	0	0	0	0	0	0	0	0	0	0	0	0	0	0	0	0	0	0	0	0	0	0	0	0	0	0	0	18	0	0	0	0	0	0	0	0	0	0	0	0	0	0	0	0	0	0	0	0	0	0	0	0	0	0	0	0
17e4e588b1dd979419255130e465dd62	0	0	0	0	0	0	0	0	0	0	0	0	0	0	0	0	0	0	0	0	0	0	0	0	0	0	0	0	0	0	0	0	0	0	0	0	0	0	0	0	0	0	0	0	0	0	0	0	0	0	0	0	0	0	0	0	18
33422f4c3c1defd3a80b182e1a0c6327	0	0	0	0	17	0	0	0	0	0	0	0	0	0	0	0	0	0	0	0	0	0	0	0	0	0	0	0	0	0	0	0	0	0	0	0	0	0	0	0	0	0	0	0	0	0	0	0	0	0	0	0	0	0	0	0	0
ebafe846c6880fa01c3c2aa444b0ecf3	0	0	0	0	0	0	0	0	0	0	0	0	0	0	0	0	0	0	0	4	0	0	0	0	0	0	0	0	0	13	0	0	0	0	0	0	0	0	0	0	0	0	0	0	0	0	0	0	0	0	0	0	0	0	0	0	0
547c364f4c6432fd6648bb3237e0decf	0	0	0	0	0	0	0	0	0	0	0	0	0	0	0	0	0	0	0	0	0	0	0	0	0	0	4	0	0	0	0	0	0	0	0	0	0	0	0	0	0	0	0	7	0	0	0	0	0	0	0	0	0	0	6	0	0
4aa19b06af442ed998abf7be0748c439	0	0	0	0	0	0	0	0	0	0	0	0	0	0	0	0	0	0	0	0	0	0	0	0	0	0	0	0	0	0	0	0	0	0	0	0	0	0	0	0	0	0	0	0	0	0	0	0	0	0	0	0	0	0	0	17	0
8f0779a53115bf92bc9db258a24a6e8c	0	0	0	0	0	3	0	0	0	0	0	0	0	0	0	0	0	0	0	0	0	0	0	0	0	0	0	0	6	0	0	0	0	0	0	0	0	0	0	0	0	0	0	0	0	0	0	0	0	7	0	0	0	0	0	0	0
07b2f3feba70fc942059a134fe5b0278	0	0	0	0	0	0	0	16	0	0	0	0	0	0	0	0	0	0	0	0	0	0	0	0	0	0	0	0	0	0	0	0	0	0	0	0	0	0	0	0	0	0	0	0	0	0	0	0	0	0	0	0	0	0	0	0	0
79926992a48dfcb0a2a2a1d86fe23e17	0	0	0	0	0	0	0	0	0	0	0	0	0	0	0	0	0	16	0	0	0	0	0	0	0	0	0	0	0	0	0	0	0	0	0	0	0	0	0	0	0	0	0	0	0	0	0	0	0	0	0	0	0	0	0	0	0
34907a60c05d0cfe6eb204ca91140d9c	0	0	0	0	0	0	0	0	0	0	0	0	0	0	0	0	0	0	0	0	0	0	0	0	16	0	0	0	0	0	0	0	0	0	0	0	0	0	0	0	0	0	0	0	0	0	0	0	0	0	0	0	0	0	0	0	0
91c0cc0de856301ce53adb09b5727b4f	0	0	0	0	0	0	0	0	0	0	0	0	0	0	0	0	0	0	0	0	0	0	0	0	0	0	0	0	0	0	0	0	0	0	0	0	0	0	0	0	0	0	0	0	0	0	0	0	16	0	0	0	0	0	0	0	0
fe0f40e64146b3e4d5bdfe3ee2cb9759	0	0	0	0	0	0	0	0	0	0	0	0	0	0	0	0	0	0	0	0	0	0	0	0	0	0	0	0	0	0	0	0	0	0	0	0	0	0	0	0	0	0	0	0	0	0	0	0	16	0	0	0	0	0	0	0	0
5c251260341a6be50bd891bba7061523	0	0	0	0	0	0	0	0	0	0	0	0	0	0	0	0	0	0	0	0	0	0	0	0	0	0	0	0	0	0	0	0	0	0	0	0	0	0	0	0	0	0	0	0	0	0	0	0	0	0	0	0	0	0	0	16	0
91cada6bd81c452585f50320da8a93be	0	0	0	0	0	0	0	0	0	0	0	0	0	0	0	0	0	0	0	0	0	0	0	0	0	0	0	0	0	0	0	0	0	0	0	0	0	0	0	0	0	0	0	0	0	0	0	0	0	0	0	0	0	0	0	16	0
782dc3982ffdd9edb49378b381992c6b	0	0	0	0	0	0	0	0	0	0	0	0	0	0	0	0	0	0	0	0	0	0	0	0	0	15	0	0	0	0	0	0	0	0	0	0	0	0	0	0	0	0	0	0	0	0	0	0	0	0	0	0	0	0	0	0	0
b44867dfbe41297c3c470d5e2a2c4c6e	0	0	0	0	0	0	0	0	0	0	0	0	0	0	0	0	0	0	0	0	0	0	0	0	0	0	0	0	0	0	0	5	0	0	0	0	0	6	0	0	4	0	0	0	0	0	0	0	0	0	0	0	0	0	0	0	0
83bbbcf1549bc36edb00c99ef3a26d39	0	0	0	0	0	0	0	0	0	0	0	0	0	0	0	0	0	0	0	0	0	0	0	0	0	0	0	14	0	0	0	0	0	0	0	0	0	0	0	0	0	0	0	0	0	0	0	0	0	0	0	0	0	0	0	0	0
25c27a98a8dfd7040b51636442211d48	0	0	0	0	0	0	0	0	0	0	0	0	0	0	0	0	0	0	0	0	0	0	0	0	0	0	0	14	0	0	0	0	0	0	0	0	0	0	0	0	0	0	0	0	0	0	0	0	0	0	0	0	0	0	0	0	0
fd82b8b21ce0f5af4af719a82abdccff	0	0	0	0	0	0	0	0	0	0	0	0	0	0	0	0	0	0	0	0	0	0	0	0	0	0	0	0	0	3	0	0	0	0	0	0	0	0	0	0	0	5	0	0	6	0	0	0	0	0	0	0	0	0	0	0	0
175f940a4ab20d5b63688e4caab95688	0	0	0	0	0	0	0	0	0	0	0	0	0	0	0	0	0	0	0	0	0	0	0	0	0	0	0	0	0	0	0	0	0	0	0	0	0	0	0	0	0	14	0	0	0	0	0	0	0	0	0	0	0	0	0	0	0
05910caad448570d565ef0375606393e	0	0	0	0	0	0	0	0	0	0	0	0	0	0	0	0	0	0	0	0	0	0	0	0	0	0	0	0	0	0	0	0	0	0	0	0	0	0	0	0	0	0	0	0	0	0	0	0	0	0	0	0	0	0	0	0	14
d4c3f9836702c132279dc007f42ef211	0	0	0	13	0	0	0	0	0	0	0	0	0	0	0	0	0	0	0	0	0	0	0	0	0	0	0	0	0	0	0	0	0	0	0	0	0	0	0	0	0	0	0	0	0	0	0	0	0	0	0	0	0	0	0	0	0
279de9eec3b0115dff521e49e3208403	0	0	0	0	0	0	0	0	0	0	0	0	0	0	0	0	0	0	0	0	13	0	0	0	0	0	0	0	0	0	0	0	0	0	0	0	0	0	0	0	0	0	0	0	0	0	0	0	0	0	0	0	0	0	0	0	0
d96eb2b7c50b2f8ab2ad0a185fb42821	0	0	0	0	0	0	0	0	0	0	0	0	7	5	0	0	0	0	0	0	0	0	0	0	0	0	0	0	0	0	0	0	0	0	0	0	0	0	0	0	0	0	0	0	0	0	0	0	0	0	0	0	0	0	0	0	0
9ca8c0a019bf1caae502e764010bc295	0	0	0	0	0	0	0	0	0	0	0	0	0	0	0	0	0	12	0	0	0	0	0	0	0	0	0	0	0	0	0	0	0	0	0	0	0	0	0	0	0	0	0	0	0	0	0	0	0	0	0	0	0	0	0	0	0
82eb311522bac6f50e7385e3b0adf779	0	0	0	0	0	0	0	0	0	0	0	0	0	0	0	0	0	0	0	0	0	0	0	0	0	0	12	0	0	0	0	0	0	0	0	0	0	0	0	0	0	0	0	0	0	0	0	0	0	0	0	0	0	0	0	0	0
d95a6b746514d48d8337f41e56ebc691	0	0	0	0	0	0	0	0	0	0	0	0	0	0	0	0	0	0	0	0	0	0	0	0	0	0	0	0	0	0	0	0	0	0	0	0	0	0	0	0	0	0	0	0	12	0	0	0	0	0	0	0	0	0	0	0	0
c8aca13f158291058256868ed3f2fd64	0	0	0	0	0	0	0	0	0	0	0	0	0	0	0	0	0	0	0	0	0	0	0	0	0	0	0	0	0	0	0	0	0	0	0	0	0	0	0	0	0	0	0	0	0	0	0	0	0	0	0	0	0	0	0	0	12
1397729372dbc87128e15dd4c4784c60	0	0	0	0	11	0	0	0	0	0	0	0	0	0	0	0	0	0	0	0	0	0	0	0	0	0	0	0	0	0	0	0	0	0	0	0	0	0	0	0	0	0	0	0	0	0	0	0	0	0	0	0	0	0	0	0	0
e2c8501432b5aa6e0c198fc82d832d9c	0	0	0	0	0	0	0	6	0	0	0	0	0	0	0	0	0	0	0	0	0	0	0	0	0	0	0	0	0	0	0	0	0	0	0	0	0	0	0	0	0	0	0	0	0	0	0	5	0	0	0	0	0	0	0	0	0
3247d84ebe3ae42723f36df69855e04e	0	0	0	0	0	0	0	0	0	0	0	0	0	0	0	0	0	11	0	0	0	0	0	0	0	0	0	0	0	0	0	0	0	0	0	0	0	0	0	0	0	0	0	0	0	0	0	0	0	0	0	0	0	0	0	0	0
60faf95a1e3fd57566343a2350bf3424	0	0	0	0	0	0	0	0	0	0	0	0	0	0	0	0	0	0	11	0	0	0	0	0	0	0	0	0	0	0	0	0	0	0	0	0	0	0	0	0	0	0	0	0	0	0	0	0	0	0	0	0	0	0	0	0	0
393403d99398a082e226d9bd4a4560f9	0	0	0	0	0	0	0	0	0	0	0	0	0	0	0	0	0	0	0	11	0	0	0	0	0	0	0	0	0	0	0	0	0	0	0	0	0	0	0	0	0	0	0	0	0	0	0	0	0	0	0	0	0	0	0	0	0
a19505457e5b1100a6ca6a8363a700f3	0	0	0	0	0	0	0	0	0	0	0	0	0	0	0	0	0	0	0	0	0	0	0	0	0	0	0	0	11	0	0	0	0	0	0	0	0	0	0	0	0	0	0	0	0	0	0	0	0	0	0	0	0	0	0	0	0
44aa014a2940f29fee889295dffc43f4	0	0	0	0	0	0	0	0	0	0	0	0	0	0	0	0	0	0	0	0	0	0	0	0	0	0	0	0	0	0	0	0	0	0	0	0	0	0	0	0	0	0	0	0	0	0	0	0	0	0	0	0	0	0	11	0	0
16eda9ccd0c7e97756710faac224a86b	0	0	0	0	0	0	10	0	0	0	0	0	0	0	0	0	0	0	0	0	0	0	0	0	0	0	0	0	0	0	0	0	0	0	0	0	0	0	0	0	0	0	0	0	0	0	0	0	0	0	0	0	0	0	0	0	0
e73b5ebe6e6a6bb3592942a588e8d548	0	0	0	0	0	0	0	10	0	0	0	0	0	0	0	0	0	0	0	0	0	0	0	0	0	0	0	0	0	0	0	0	0	0	0	0	0	0	0	0	0	0	0	0	0	0	0	0	0	0	0	0	0	0	0	0	0
1bc58bc2a1e379955166d98c9369f533	0	0	0	0	0	0	0	0	0	0	10	0	0	0	0	0	0	0	0	0	0	0	0	0	0	0	0	0	0	0	0	0	0	0	0	0	0	0	0	0	0	0	0	0	0	0	0	0	0	0	0	0	0	0	0	0	0
562ab642283fe660f34a3d5a7dbdf7c1	0	0	0	0	0	0	0	0	0	0	10	0	0	0	0	0	0	0	0	0	0	0	0	0	0	0	0	0	0	0	0	0	0	0	0	0	0	0	0	0	0	0	0	0	0	0	0	0	0	0	0	0	0	0	0	0	0
36182badcd3566da44e793a37960a6c1	0	0	0	0	0	0	0	0	0	0	0	0	0	0	0	10	0	0	0	0	0	0	0	0	0	0	0	0	0	0	0	0	0	0	0	0	0	0	0	0	0	0	0	0	0	0	0	0	0	0	0	0	0	0	0	0	0
5251c52e678125347c5e7e2ed1711df0	0	0	0	0	0	0	0	0	0	0	0	0	0	0	0	0	0	0	0	0	0	0	0	0	10	0	0	0	0	0	0	0	0	0	0	0	0	0	0	0	0	0	0	0	0	0	0	0	0	0	0	0	0	0	0	0	0
2f55065a02991d912c00839e7b89c010	0	0	0	0	0	0	0	0	0	0	0	0	0	0	0	0	0	0	0	0	0	0	0	0	0	0	0	0	0	0	0	10	0	0	0	0	0	0	0	0	0	0	0	0	0	0	0	0	0	0	0	0	0	0	0	0	0
32cc96028d1b449ddf9d29cab47466b0	0	0	0	0	0	0	0	0	0	0	0	0	0	0	0	0	0	0	0	0	0	0	0	0	0	0	0	0	0	0	0	0	0	10	0	0	0	0	0	0	0	0	0	0	0	0	0	0	0	0	0	0	0	0	0	0	0
2eb858c35985695f5debea348493f65d	0	0	0	0	0	0	0	9	0	0	0	0	0	0	0	0	0	0	0	0	0	0	0	0	0	0	0	0	0	0	0	0	0	0	0	0	0	0	0	0	0	0	0	0	0	0	0	0	0	0	0	0	0	0	0	0	0
be4888aa1503dd3847aec9539771b3f2	0	0	0	0	0	0	0	9	0	0	0	0	0	0	0	0	0	0	0	0	0	0	0	0	0	0	0	0	0	0	0	0	0	0	0	0	0	0	0	0	0	0	0	0	0	0	0	0	0	0	0	0	0	0	0	0	0
f342a395a647967e471e9d7f0c0a5584	0	0	0	0	0	0	0	0	0	0	0	0	0	0	0	0	0	0	0	0	0	0	0	0	9	0	0	0	0	0	0	0	0	0	0	0	0	0	0	0	0	0	0	0	0	0	0	0	0	0	0	0	0	0	0	0	0
3d97be595d024c80f8fa449a9ebeca4a	0	0	0	0	0	0	0	0	0	0	0	0	0	0	0	0	0	0	0	0	0	0	0	0	0	9	0	0	0	0	0	0	0	0	0	0	0	0	0	0	0	0	0	0	0	0	0	0	0	0	0	0	0	0	0	0	0
9de34d5d47f083fe11ed6924b88acbc7	0	0	0	0	0	0	0	0	0	0	0	0	0	0	0	0	0	0	0	0	0	0	0	0	0	0	0	9	0	0	0	0	0	0	0	0	0	0	0	0	0	0	0	0	0	0	0	0	0	0	0	0	0	0	0	0	0
458b51bf254869ed8e1b7c64b9f6a800	0	0	0	0	0	0	0	0	0	0	0	0	0	0	0	0	0	0	0	0	0	0	0	0	0	0	0	0	0	0	0	0	9	0	0	0	0	0	0	0	0	0	0	0	0	0	0	0	0	0	0	0	0	0	0	0	0
052632a794b3407bef46a17213852169	0	0	0	0	0	0	0	0	0	0	0	0	0	0	0	0	0	0	0	0	0	0	0	0	0	0	0	0	0	0	0	0	0	0	0	0	0	0	0	0	0	0	0	0	0	0	0	0	0	0	0	9	0	0	0	0	0
9e25b1cca2bf0d32cfeaf6e4ca6117b3	0	0	0	0	0	0	0	0	0	0	0	0	0	0	0	0	0	0	0	0	0	0	0	0	0	0	0	0	0	0	0	0	0	0	0	0	0	0	0	0	0	0	0	0	0	0	0	0	0	0	0	0	0	0	0	0	9
047af6d93d66c81b03ba11adaa1a0938	0	0	0	0	0	0	0	0	0	0	0	0	0	0	0	0	0	0	0	0	0	0	0	0	0	0	0	0	0	0	0	0	0	0	0	0	0	0	0	0	0	0	0	0	0	0	0	0	0	0	0	0	0	0	0	0	9
7d457bea9e5d4ec9e014ec77b517e957	0	0	0	0	0	2	0	0	0	0	0	0	0	0	0	0	0	0	0	0	0	0	0	0	0	0	0	0	0	0	0	0	6	0	0	0	0	0	0	0	0	0	0	0	0	0	0	0	0	0	0	0	0	0	0	0	0
a6fb049a128211305653cf7a5b48a61b	0	0	0	0	0	0	8	0	0	0	0	0	0	0	0	0	0	0	0	0	0	0	0	0	0	0	0	0	0	0	0	0	0	0	0	0	0	0	0	0	0	0	0	0	0	0	0	0	0	0	0	0	0	0	0	0	0
ea11134d769c027b484e3031c845298b	0	0	0	0	0	0	0	0	0	0	0	0	0	0	0	0	0	0	0	0	8	0	0	0	0	0	0	0	0	0	0	0	0	0	0	0	0	0	0	0	0	0	0	0	0	0	0	0	0	0	0	0	0	0	0	0	0
7c835ef4a674aa03a979faf00a3be0e3	0	0	0	0	0	0	0	0	0	0	0	0	0	0	0	0	0	0	0	0	0	0	0	0	8	0	0	0	0	0	0	0	0	0	0	0	0	0	0	0	0	0	0	0	0	0	0	0	0	0	0	0	0	0	0	0	0
6a627d7f6660b99ed83161c313c5c765	0	0	0	0	0	0	0	0	0	0	0	0	0	0	0	0	0	0	0	0	0	0	0	0	8	0	0	0	0	0	0	0	0	0	0	0	0	0	0	0	0	0	0	0	0	0	0	0	0	0	0	0	0	0	0	0	0
56278b9712f2c3f8a69db14c99f7ab5a	0	0	0	0	0	0	0	0	0	0	0	0	0	0	0	0	0	0	0	0	0	0	0	0	8	0	0	0	0	0	0	0	0	0	0	0	0	0	0	0	0	0	0	0	0	0	0	0	0	0	0	0	0	0	0	0	0
57f1cfdb7802ec14f51ce6519c9b5103	0	0	0	0	0	0	0	0	0	0	0	0	0	0	0	0	0	0	0	0	0	0	0	0	0	0	0	8	0	0	0	0	0	0	0	0	0	0	0	0	0	0	0	0	0	0	0	0	0	0	0	0	0	0	0	0	0
4d7499dd610c5ae8611ca040ff41cd6e	0	0	0	0	0	0	0	0	0	0	0	0	0	0	0	0	0	0	0	0	0	0	0	0	0	0	0	0	0	0	0	0	8	0	0	0	0	0	0	0	0	0	0	0	0	0	0	0	0	0	0	0	0	0	0	0	0
af900fa3da54dff22c14c668cd4cbeb1	0	0	0	0	0	0	0	0	0	0	0	0	0	0	0	0	0	0	0	0	0	0	0	0	0	0	0	0	0	0	0	0	0	0	0	8	0	0	0	0	0	0	0	0	0	0	0	0	0	0	0	0	0	0	0	0	0
e3c8e489e9fab2ca32985e83b845354b	0	0	0	0	0	0	0	0	0	0	0	0	0	0	0	0	0	0	0	0	0	0	0	0	0	0	0	0	0	0	0	0	0	0	0	0	0	0	0	0	0	0	0	0	0	0	0	0	8	0	0	0	0	0	0	0	0
a2c94be87e0fcaf24e78808450500c76	0	0	0	0	0	0	0	0	0	0	0	0	0	0	0	0	0	0	0	0	0	0	0	0	0	0	0	0	0	0	0	0	0	0	0	0	0	0	0	0	0	0	0	0	0	0	0	0	0	0	0	8	0	0	0	0	0
6caff0e59c1fa1065afb2fbec4d38e5d	0	0	0	0	0	0	0	0	0	0	0	0	0	0	0	0	0	0	0	0	0	0	0	0	0	0	0	0	0	0	0	0	0	0	0	0	0	0	0	0	0	0	0	0	0	0	0	0	0	0	0	0	8	0	0	0	0
dcf7702d367a9266b79b70772173869c	7	0	0	0	0	0	0	0	0	0	0	0	0	0	0	0	0	0	0	0	0	0	0	0	0	0	0	0	0	0	0	0	0	0	0	0	0	0	0	0	0	0	0	0	0	0	0	0	0	0	0	0	0	0	0	0	0
bb3f546489f38a6501b3d02e07e893b6	0	0	0	0	7	0	0	0	0	0	0	0	0	0	0	0	0	0	0	0	0	0	0	0	0	0	0	0	0	0	0	0	0	0	0	0	0	0	0	0	0	0	0	0	0	0	0	0	0	0	0	0	0	0	0	0	0
d37e92559cb305380841effcb37b7e66	0	0	0	0	0	0	0	0	0	0	0	0	0	0	7	0	0	0	0	0	0	0	0	0	0	0	0	0	0	0	0	0	0	0	0	0	0	0	0	0	0	0	0	0	0	0	0	0	0	0	0	0	0	0	0	0	0
a7ec8530e544b17188e330b6dda8cd34	0	0	0	0	0	0	0	0	0	0	0	0	0	0	0	7	0	0	0	0	0	0	0	0	0	0	0	0	0	0	0	0	0	0	0	0	0	0	0	0	0	0	0	0	0	0	0	0	0	0	0	0	0	0	0	0	0
07da7da2ff49fc288cb67f4087ed282c	0	0	0	0	0	0	0	0	0	0	0	0	0	0	0	0	0	0	7	0	0	0	0	0	0	0	0	0	0	0	0	0	0	0	0	0	0	0	0	0	0	0	0	0	0	0	0	0	0	0	0	0	0	0	0	0	0
d4053946f49dcd21fe91d094a96451f3	0	0	0	0	0	0	0	0	0	0	0	0	0	0	0	0	0	0	0	0	0	0	7	0	0	0	0	0	0	0	0	0	0	0	0	0	0	0	0	0	0	0	0	0	0	0	0	0	0	0	0	0	0	0	0	0	0
582286e933b39327005b42d1f1b90f09	0	0	0	0	0	0	0	0	0	0	0	0	0	0	0	0	0	0	0	0	0	0	0	0	0	0	0	0	0	0	0	0	7	0	0	0	0	0	0	0	0	0	0	0	0	0	0	0	0	0	0	0	0	0	0	0	0
e2d9bbb1cb922be4657e1bc16d3ad6e7	0	0	0	0	0	0	0	0	0	0	0	0	0	0	0	0	0	0	0	0	0	0	0	0	0	0	0	0	0	0	0	0	0	0	0	0	0	0	0	0	0	0	0	0	0	0	0	7	0	0	0	0	0	0	0	0	0
5c2cd658ba0719ab97e2e4573ff3b30d	0	0	0	0	0	0	0	0	0	0	0	0	0	0	0	0	0	0	0	0	0	0	0	0	0	0	0	0	0	0	0	0	0	0	0	0	0	0	0	0	0	0	0	0	0	0	0	0	0	7	0	0	0	0	0	0	0
1be20b096d066e4573d9dc7bcaa08b45	0	0	0	0	0	0	0	0	0	0	0	0	0	0	0	0	0	0	0	0	0	0	0	0	0	0	0	0	0	0	0	0	0	0	0	0	0	0	0	0	0	0	0	0	0	0	0	0	0	0	0	0	0	0	0	0	7
ab6ed5ad001454404a3c31dc506b596a	6	0	0	0	0	0	0	0	0	0	0	0	0	0	0	0	0	0	0	0	0	0	0	0	0	0	0	0	0	0	0	0	0	0	0	0	0	0	0	0	0	0	0	0	0	0	0	0	0	0	0	0	0	0	0	0	0
682c0d6103edfb7f8086761ed490ddf9	0	0	0	0	0	0	0	0	0	6	0	0	0	0	0	0	0	0	0	0	0	0	0	0	0	0	0	0	0	0	0	0	0	0	0	0	0	0	0	0	0	0	0	0	0	0	0	0	0	0	0	0	0	0	0	0	0
ad57bcc00819fa6e0606b79cb7575fee	0	0	0	0	0	0	0	0	0	0	6	0	0	0	0	0	0	0	0	0	0	0	0	0	0	0	0	0	0	0	0	0	0	0	0	0	0	0	0	0	0	0	0	0	0	0	0	0	0	0	0	0	0	0	0	0	0
c770a5e3eea23ea004344372aca85ff7	0	0	0	0	0	0	0	0	0	0	0	0	0	0	0	6	0	0	0	0	0	0	0	0	0	0	0	0	0	0	0	0	0	0	0	0	0	0	0	0	0	0	0	0	0	0	0	0	0	0	0	0	0	0	0	0	0
189c6126e62c66a20298ed1b160255ab	0	0	0	0	0	0	0	0	0	0	0	0	0	0	0	0	0	6	0	0	0	0	0	0	0	0	0	0	0	0	0	0	0	0	0	0	0	0	0	0	0	0	0	0	0	0	0	0	0	0	0	0	0	0	0	0	0
cdeb10212f8775b5791f06e23e27429b	0	0	0	0	0	0	0	0	0	0	0	0	0	0	0	0	0	6	0	0	0	0	0	0	0	0	0	0	0	0	0	0	0	0	0	0	0	0	0	0	0	0	0	0	0	0	0	0	0	0	0	0	0	0	0	0	0
d8b0913e23a032b6f4cd6d3a11c655c9	0	0	0	0	0	0	0	0	0	0	0	0	0	0	0	0	0	0	0	0	0	3	0	0	0	0	0	0	0	0	0	0	0	0	0	0	0	0	0	0	0	0	0	0	0	0	0	0	0	0	0	0	0	0	0	0	3
2b73d2f868c3546012b27095671f34ac	0	0	0	0	0	0	0	0	0	0	0	0	0	0	0	0	0	0	0	0	0	0	6	0	0	0	0	0	0	0	0	0	0	0	0	0	0	0	0	0	0	0	0	0	0	0	0	0	0	0	0	0	0	0	0	0	0
603634ee08bc5111408384aea949b6d4	0	0	0	0	0	0	0	0	0	0	0	0	0	0	0	0	0	0	0	0	0	0	0	0	0	0	0	0	6	0	0	0	0	0	0	0	0	0	0	0	0	0	0	0	0	0	0	0	0	0	0	0	0	0	0	0	0
532de300e6cfa439baaca88692240fcf	0	0	0	0	0	0	0	0	0	0	0	0	0	0	0	0	0	0	0	0	0	0	0	0	0	0	0	0	0	6	0	0	0	0	0	0	0	0	0	0	0	0	0	0	0	0	0	0	0	0	0	0	0	0	0	0	0
c07d54f967b10ef305874e06c7c29f61	0	0	0	0	0	0	0	0	0	0	0	0	0	0	0	0	0	0	0	0	0	0	0	0	0	0	0	0	0	0	6	0	0	0	0	0	0	0	0	0	0	0	0	0	0	0	0	0	0	0	0	0	0	0	0	0	0
bc0cac348021d6468a515b88975962bc	0	0	0	0	0	0	0	0	0	0	0	0	0	0	0	0	0	0	0	0	0	0	0	0	0	0	0	0	0	0	0	0	0	0	0	0	0	6	0	0	0	0	0	0	0	0	0	0	0	0	0	0	0	0	0	0	0
88f23cc260224a03d15080c78bcf2ee3	0	0	0	0	0	0	0	0	0	0	0	0	0	0	0	0	0	0	0	0	0	0	0	0	0	0	0	0	0	0	0	0	0	0	0	0	0	6	0	0	0	0	0	0	0	0	0	0	0	0	0	0	0	0	0	0	0
3e8acd2cf86ed37705e670dae0e9f450	0	0	0	0	0	0	0	0	0	0	0	0	0	0	0	0	0	0	0	0	0	0	0	0	0	0	0	0	0	0	0	0	0	0	0	0	0	6	0	0	0	0	0	0	0	0	0	0	0	0	0	0	0	0	0	0	0
74dfbe275a1d616fc77931b000f9f426	0	0	0	0	0	0	0	0	0	0	0	0	0	0	0	0	0	0	0	0	0	0	0	0	0	0	0	0	0	0	0	0	0	0	0	0	0	0	6	0	0	0	0	0	0	0	0	0	0	0	0	0	0	0	0	0	0
c6eccad8b6fdc1cc17ef96f3f5286787	0	0	0	0	0	0	0	0	0	0	0	0	0	0	0	0	0	0	0	0	0	0	0	0	0	0	0	0	0	0	0	0	0	0	0	0	0	0	0	0	6	0	0	0	0	0	0	0	0	0	0	0	0	0	0	0	0
e8b3393ace4594ab9311cefb46263313	0	0	0	0	0	0	0	0	0	0	0	0	0	0	0	0	0	0	0	0	0	0	0	0	0	0	0	0	0	0	0	0	0	0	0	0	0	0	0	0	0	0	6	0	0	0	0	0	0	0	0	0	0	0	0	0	0
8e232fa0c27ffe1ed41a7a5e01bc423d	0	0	0	0	0	0	0	0	0	0	0	0	0	0	0	0	0	0	0	0	0	0	0	0	0	0	0	0	0	0	0	0	0	0	0	0	0	0	0	0	0	0	0	6	0	0	0	0	0	0	0	0	0	0	0	0	0
e896db62f861f75e095debb90b5fb7bc	0	0	0	0	0	0	0	0	0	0	0	0	0	0	0	0	0	0	0	0	0	0	0	0	0	0	0	0	0	0	0	0	0	0	0	0	0	0	0	0	0	0	0	0	0	0	0	0	0	0	6	0	0	0	0	0	0
ab3555b9efc7e40629942b9d7cb5b5e7	0	0	0	0	0	0	0	0	0	0	0	0	0	0	0	0	0	0	0	0	0	0	0	0	0	0	0	0	0	0	0	0	0	0	0	0	0	0	0	0	0	0	0	0	0	0	0	0	0	0	0	0	0	3	3	0	0
431acb193bd7ac97410794ba8117d874	0	0	0	0	0	0	0	0	0	0	0	0	0	0	0	0	0	0	0	0	0	0	0	0	0	0	0	0	0	0	0	0	0	0	0	0	0	0	0	0	0	0	0	0	0	0	0	0	0	0	0	0	0	0	6	0	0
cab9caf3823ec144197218d058595015	0	5	0	0	0	0	0	0	0	0	0	0	0	0	0	0	0	0	0	0	0	0	0	0	0	0	0	0	0	0	0	0	0	0	0	0	0	0	0	0	0	0	0	0	0	0	0	0	0	0	0	0	0	0	0	0	0
440cfb820e1ca80cc509653acb3e96c7	0	5	0	0	0	0	0	0	0	0	0	0	0	0	0	0	0	0	0	0	0	0	0	0	0	0	0	0	0	0	0	0	0	0	0	0	0	0	0	0	0	0	0	0	0	0	0	0	0	0	0	0	0	0	0	0	0
ae21fec25d366f0d2f31abd5b099b0c6	0	0	0	0	0	0	0	5	0	0	0	0	0	0	0	0	0	0	0	0	0	0	0	0	0	0	0	0	0	0	0	0	0	0	0	0	0	0	0	0	0	0	0	0	0	0	0	0	0	0	0	0	0	0	0	0	0
2490f6565fdf756cb8c25ad1cc56e16e	0	0	0	0	0	0	0	0	0	5	0	0	0	0	0	0	0	0	0	0	0	0	0	0	0	0	0	0	0	0	0	0	0	0	0	0	0	0	0	0	0	0	0	0	0	0	0	0	0	0	0	0	0	0	0	0	0
e106faa74031a42b0fc38d831bff0f80	0	0	0	0	0	0	0	0	0	0	5	0	0	0	0	0	0	0	0	0	0	0	0	0	0	0	0	0	0	0	0	0	0	0	0	0	0	0	0	0	0	0	0	0	0	0	0	0	0	0	0	0	0	0	0	0	0
8c4cc770626a4d9232fcd96c453809f0	0	0	0	0	0	0	0	0	0	0	0	0	0	5	0	0	0	0	0	0	0	0	0	0	0	0	0	0	0	0	0	0	0	0	0	0	0	0	0	0	0	0	0	0	0	0	0	0	0	0	0	0	0	0	0	0	0
a8e64be79f1c3b6f96adf203c66bfc10	0	0	0	0	0	0	0	0	0	0	0	0	0	0	0	0	0	0	0	0	0	0	0	0	0	0	3	0	0	0	0	0	0	2	0	0	0	0	0	0	0	0	0	0	0	0	0	0	0	0	0	0	0	0	0	0	0
5b7a323bdb5e0ff756ef0bd05dff6eb7	0	0	0	0	0	0	0	0	0	0	0	0	0	0	0	0	0	0	0	0	0	0	0	0	0	0	0	5	0	0	0	0	0	0	0	0	0	0	0	0	0	0	0	0	0	0	0	0	0	0	0	0	0	0	0	0	0
23c050bc81c2271fb9d5a507aa5b081a	0	0	0	0	0	0	0	0	0	0	0	0	0	0	0	0	0	0	0	0	0	0	0	0	0	0	0	0	0	5	0	0	0	0	0	0	0	0	0	0	0	0	0	0	0	0	0	0	0	0	0	0	0	0	0	0	0
5fe1483b879ea7dbf824abaa7515a42f	0	0	0	0	0	0	0	0	0	0	0	0	0	0	0	0	0	0	0	0	0	0	0	0	0	0	0	0	0	0	0	0	0	5	0	0	0	0	0	0	0	0	0	0	0	0	0	0	0	0	0	0	0	0	0	0	0
de2c114df16caec48687295d815ba3e7	0	0	0	0	0	0	0	0	0	0	0	0	0	0	0	0	0	0	0	0	0	0	0	0	0	0	0	0	0	0	0	0	0	0	0	5	0	0	0	0	0	0	0	0	0	0	0	0	0	0	0	0	0	0	0	0	0
de7030cb0047b5842951478039c6ef3b	0	0	0	0	0	0	0	0	0	0	0	0	0	0	0	0	0	0	0	0	0	0	0	0	0	0	0	0	0	0	0	0	0	0	0	0	0	0	0	5	0	0	0	0	0	0	0	0	0	0	0	0	0	0	0	0	0
82e12063857856906d1570ba9116d17c	0	0	0	0	0	0	0	0	0	0	0	0	0	0	0	0	0	0	0	0	0	0	0	0	0	0	0	0	0	0	0	0	0	0	0	0	0	0	0	0	0	0	0	0	0	5	0	0	0	0	0	0	0	0	0	0	0
0f4b857bcb287b66d6066da03595505a	0	0	0	0	0	0	0	0	0	0	0	0	0	0	0	0	0	0	0	0	0	0	0	0	0	0	0	0	0	0	0	0	0	0	0	0	0	0	0	0	0	0	0	0	0	0	0	0	5	0	0	0	0	0	0	0	0
532ecc8832bba0d653e19c1d7eb7ff71	0	0	0	0	0	0	0	0	0	0	0	0	0	0	0	0	0	0	0	0	0	0	0	0	0	0	0	0	0	0	0	0	0	0	0	0	0	0	0	0	0	0	0	0	0	0	0	0	5	0	0	0	0	0	0	0	0
c877d94176b17db8cc9d8c2660923f61	0	0	0	4	0	0	0	0	0	0	0	0	0	0	0	0	0	0	0	0	0	0	0	0	0	0	0	0	0	0	0	0	0	0	0	0	0	0	0	0	0	0	0	0	0	0	0	0	0	0	0	0	0	0	0	0	0
f86d81dc1a88713831e091d0da042677	0	0	0	0	4	0	0	0	0	0	0	0	0	0	0	0	0	0	0	0	0	0	0	0	0	0	0	0	0	0	0	0	0	0	0	0	0	0	0	0	0	0	0	0	0	0	0	0	0	0	0	0	0	0	0	0	0
00283a85ec7203ba1b22d9327c529b0d	0	0	0	0	0	4	0	0	0	0	0	0	0	0	0	0	0	0	0	0	0	0	0	0	0	0	0	0	0	0	0	0	0	0	0	0	0	0	0	0	0	0	0	0	0	0	0	0	0	0	0	0	0	0	0	0	0
f4349aeb69c1a7e98df2fdd654338fde	0	0	0	0	0	4	0	0	0	0	0	0	0	0	0	0	0	0	0	0	0	0	0	0	0	0	0	0	0	0	0	0	0	0	0	0	0	0	0	0	0	0	0	0	0	0	0	0	0	0	0	0	0	0	0	0	0
40aad19716d07de10c37540a2384feb8	0	0	0	0	0	0	4	0	0	0	0	0	0	0	0	0	0	0	0	0	0	0	0	0	0	0	0	0	0	0	0	0	0	0	0	0	0	0	0	0	0	0	0	0	0	0	0	0	0	0	0	0	0	0	0	0	0
128399a69ce80be64abbd3dd0a2eeacb	0	0	0	0	0	0	0	0	0	0	0	0	0	4	0	0	0	0	0	0	0	0	0	0	0	0	0	0	0	0	0	0	0	0	0	0	0	0	0	0	0	0	0	0	0	0	0	0	0	0	0	0	0	0	0	0	0
a87a4a4c326df4350aa04f23acbfd10d	0	0	0	0	0	0	0	0	0	0	0	0	0	0	4	0	0	0	0	0	0	0	0	0	0	0	0	0	0	0	0	0	0	0	0	0	0	0	0	0	0	0	0	0	0	0	0	0	0	0	0	0	0	0	0	0	0
64599fc22dcc078da9f66ecdd61bb4e5	0	0	0	0	0	0	0	0	0	0	0	0	0	0	0	4	0	0	0	0	0	0	0	0	0	0	0	0	0	0	0	0	0	0	0	0	0	0	0	0	0	0	0	0	0	0	0	0	0	0	0	0	0	0	0	0	0
6e2f5ad3e648ee9e6199d95de9159155	0	0	0	0	0	0	0	0	0	0	0	0	0	0	0	0	0	4	0	0	0	0	0	0	0	0	0	0	0	0	0	0	0	0	0	0	0	0	0	0	0	0	0	0	0	0	0	0	0	0	0	0	0	0	0	0	0
abac28302f9da2298542e28f7ff0d426	0	0	0	0	0	0	0	0	0	0	0	0	0	0	0	0	0	0	4	0	0	0	0	0	0	0	0	0	0	0	0	0	0	0	0	0	0	0	0	0	0	0	0	0	0	0	0	0	0	0	0	0	0	0	0	0	0
d1651aafd0153156af40f082a172d550	0	0	0	0	0	0	0	0	0	0	0	0	0	0	0	0	0	0	0	0	0	0	0	4	0	0	0	0	0	0	0	0	0	0	0	0	0	0	0	0	0	0	0	0	0	0	0	0	0	0	0	0	0	0	0	0	0
abd8f66b7cf2fdbcafd645822baaaad4	0	0	0	0	0	0	0	0	0	0	0	0	0	0	0	0	0	0	0	0	0	0	0	0	0	0	4	0	0	0	0	0	0	0	0	0	0	0	0	0	0	0	0	0	0	0	0	0	0	0	0	0	0	0	0	0	0
84b42e88d112a0186e5342cfe09dacc7	0	0	0	0	0	0	0	0	0	0	0	0	0	0	0	0	0	0	0	0	0	0	0	0	0	0	0	4	0	0	0	0	0	0	0	0	0	0	0	0	0	0	0	0	0	0	0	0	0	0	0	0	0	0	0	0	0
fd8fba92bd0f00653f506f94a74f6bfb	0	0	0	0	0	0	0	0	0	0	0	0	0	0	0	0	0	0	0	0	0	0	0	0	0	0	0	0	0	0	0	4	0	0	0	0	0	0	0	0	0	0	0	0	0	0	0	0	0	0	0	0	0	0	0	0	0
0b926454785a43974c432788ba23af63	0	0	0	0	0	0	0	0	0	0	0	0	0	0	0	0	0	0	0	0	0	0	0	0	0	0	0	0	0	0	0	0	0	0	0	4	0	0	0	0	0	0	0	0	0	0	0	0	0	0	0	0	0	0	0	0	0
ef0852e2fb25758bae4a609bda1842bc	0	0	0	0	0	0	0	0	0	0	0	0	0	0	0	0	0	0	0	0	0	0	0	0	0	0	0	0	0	0	0	0	0	0	0	0	0	4	0	0	0	0	0	0	0	0	0	0	0	0	0	0	0	0	0	0	0
fa8ebacffe8aa523eabb8b9f52298285	0	0	0	0	0	0	0	0	0	0	0	0	0	0	0	0	0	0	0	0	0	0	0	0	0	0	0	0	0	0	0	0	0	0	0	0	0	0	0	4	0	0	0	0	0	0	0	0	0	0	0	0	0	0	0	0	0
76a7c7c2c26569642c2efa6aa7a90f7f	0	0	0	0	0	0	0	0	0	0	0	0	0	0	0	0	0	0	0	0	0	0	0	0	0	0	0	0	0	0	0	0	0	0	0	0	0	0	0	0	4	0	0	0	0	0	0	0	0	0	0	0	0	0	0	0	0
cc40dc0452a531b9906758ae751cc6dd	0	0	0	0	0	0	0	0	0	0	0	0	0	0	0	0	0	0	0	0	0	0	0	0	0	0	0	0	0	0	0	0	0	0	0	0	0	0	0	0	0	0	4	0	0	0	0	0	0	0	0	0	0	0	0	0	0
2648d18374baea4920f0353d4586d8b0	0	0	0	0	0	0	0	0	0	0	0	0	0	0	0	0	0	0	0	0	0	0	0	0	0	0	0	0	0	0	0	0	0	0	0	0	0	0	0	0	0	0	4	0	0	0	0	0	0	0	0	0	0	0	0	0	0
9b48c886b59abf9d8acc6f2b44bf2a38	0	0	0	0	0	0	0	0	0	0	0	0	0	0	0	0	0	0	0	0	0	0	0	0	0	0	0	0	0	0	0	0	0	0	0	0	0	0	0	0	0	0	0	4	0	0	0	0	0	0	0	0	0	0	0	0	0
4ed41048f7cc74afb907674086e9de04	0	0	0	0	0	0	0	0	0	0	0	0	0	0	0	0	0	0	0	0	0	0	0	0	0	0	0	0	0	0	0	0	0	0	0	0	0	0	0	0	0	0	0	4	0	0	0	0	0	0	0	0	0	0	0	0	0
bd98a9b341c78fc18290067d8066e5de	0	0	0	0	0	0	0	0	0	0	0	0	0	0	0	0	0	0	0	0	0	0	0	0	0	0	0	0	0	0	0	0	0	0	0	0	0	0	0	0	0	0	0	0	0	0	4	0	0	0	0	0	0	0	0	0	0
563c71da001f6b39e86b2987e62a9aeb	0	0	0	0	0	0	0	0	0	0	0	0	0	0	0	0	0	0	0	0	0	0	0	0	0	0	0	0	0	0	0	0	0	0	0	0	0	0	0	0	0	0	0	0	0	0	0	0	0	4	0	0	0	0	0	0	0
f435fdfa0957646b99980a8f727caa81	0	0	0	0	0	0	0	0	0	0	0	0	0	0	0	0	0	0	0	0	0	0	0	0	0	0	0	0	0	0	0	0	0	0	0	0	0	0	0	0	0	0	0	0	0	0	0	0	0	0	0	4	0	0	0	0	0
644bbd296f45acf8d29b901dbda2d0fe	0	0	0	0	0	0	0	0	0	0	0	0	0	0	0	0	0	0	0	0	0	0	0	0	0	0	0	0	0	0	0	0	0	0	0	0	0	0	0	0	0	0	0	0	0	0	0	0	0	0	0	0	4	0	0	0	0
6c549caa49bd90b37fce39e25858dbbd	0	0	0	0	0	0	0	0	0	0	0	0	0	0	0	0	0	0	0	0	0	0	0	0	0	0	0	0	0	0	0	0	0	0	0	0	0	0	0	0	0	0	0	0	0	0	0	0	0	0	0	0	4	0	0	0	0
00a951b7c16d4fd928da2a35b840d87e	0	0	0	0	0	0	0	0	0	0	0	0	0	0	0	0	0	0	0	0	0	0	0	0	0	0	0	0	0	0	0	0	0	0	0	0	0	0	0	0	0	0	0	0	0	0	0	0	0	0	0	0	4	0	0	0	0
c36d87ea0e8e4eb54d9c3c749c05b891	0	0	0	0	0	0	0	0	0	0	0	0	0	0	0	0	0	0	0	0	0	0	0	0	0	0	0	0	0	0	0	0	0	0	0	0	0	0	0	0	0	0	0	0	0	0	0	0	0	0	0	0	0	0	4	0	0
009905d80a804b6d88f478347d3ea40d	0	0	0	0	0	0	0	0	0	0	0	0	0	0	0	0	0	0	0	0	0	0	0	0	0	0	0	0	0	0	0	0	0	0	0	0	0	0	0	0	0	0	0	0	0	0	0	0	0	0	0	0	0	0	0	4	0
dff72afcf2adb9845184a9512308a8ce	0	0	0	0	0	0	0	0	0	0	0	0	0	0	0	0	0	0	0	0	0	0	0	0	0	0	0	0	0	0	0	0	0	0	0	0	0	0	0	0	0	0	0	0	0	0	0	0	0	0	0	0	0	0	0	0	4
97a9afe441cd2408eff1834822d76d1f	0	0	0	0	0	0	0	0	0	0	0	0	0	0	0	0	0	0	0	0	0	0	0	0	0	0	0	0	0	0	0	0	0	0	0	0	0	0	0	0	0	0	0	0	0	0	0	0	0	0	0	0	0	0	0	0	4
f6e4eb9594e71e158dd528d6fb14c991	3	0	0	0	0	0	0	0	0	0	0	0	0	0	0	0	0	0	0	0	0	0	0	0	0	0	0	0	0	0	0	0	0	0	0	0	0	0	0	0	0	0	0	0	0	0	0	0	0	0	0	0	0	0	0	0	0
9649474233943b8e6b95425489b0b75b	0	0	0	0	0	0	3	0	0	0	0	0	0	0	0	0	0	0	0	0	0	0	0	0	0	0	0	0	0	0	0	0	0	0	0	0	0	0	0	0	0	0	0	0	0	0	0	0	0	0	0	0	0	0	0	0	0
a981b83fd297393938a11f1c330403fe	0	0	0	0	0	0	0	0	3	0	0	0	0	0	0	0	0	0	0	0	0	0	0	0	0	0	0	0	0	0	0	0	0	0	0	0	0	0	0	0	0	0	0	0	0	0	0	0	0	0	0	0	0	0	0	0	0
b4e7cecffff6fcebf21aed5f31d4d5c6	0	0	0	0	0	0	0	0	3	0	0	0	0	0	0	0	0	0	0	0	0	0	0	0	0	0	0	0	0	0	0	0	0	0	0	0	0	0	0	0	0	0	0	0	0	0	0	0	0	0	0	0	0	0	0	0	0
5b575ab7efd9e5325f47e5f93989b9d5	0	0	0	0	0	0	0	0	3	0	0	0	0	0	0	0	0	0	0	0	0	0	0	0	0	0	0	0	0	0	0	0	0	0	0	0	0	0	0	0	0	0	0	0	0	0	0	0	0	0	0	0	0	0	0	0	0
fd5689ec2eab84272804e749bc228311	0	0	0	0	0	0	0	0	0	0	0	0	0	0	0	3	0	0	0	0	0	0	0	0	0	0	0	0	0	0	0	0	0	0	0	0	0	0	0	0	0	0	0	0	0	0	0	0	0	0	0	0	0	0	0	0	0
075eb7247aed7fde7a9a756dc81f0882	0	0	0	0	0	0	0	0	0	0	0	0	0	0	0	0	3	0	0	0	0	0	0	0	0	0	0	0	0	0	0	0	0	0	0	0	0	0	0	0	0	0	0	0	0	0	0	0	0	0	0	0	0	0	0	0	0
2ec8856ffe49cc56e3c339eb67a7fd00	0	0	0	0	0	0	0	0	0	0	0	0	0	0	0	0	0	3	0	0	0	0	0	0	0	0	0	0	0	0	0	0	0	0	0	0	0	0	0	0	0	0	0	0	0	0	0	0	0	0	0	0	0	0	0	0	0
c8c23892960e4b0613087baec8385d4b	0	0	0	0	0	0	0	0	0	0	0	0	0	0	0	0	0	0	3	0	0	0	0	0	0	0	0	0	0	0	0	0	0	0	0	0	0	0	0	0	0	0	0	0	0	0	0	0	0	0	0	0	0	0	0	0	0
a8816d2b6bf10dc13dfd63d52bd2b74f	0	0	0	0	0	0	0	0	0	0	0	0	0	0	0	0	0	0	0	3	0	0	0	0	0	0	0	0	0	0	0	0	0	0	0	0	0	0	0	0	0	0	0	0	0	0	0	0	0	0	0	0	0	0	0	0	0
e0c88d126489123b4345ce5f6f009cdd	0	0	0	0	0	0	0	0	0	0	0	0	0	0	0	0	0	0	0	0	3	0	0	0	0	0	0	0	0	0	0	0	0	0	0	0	0	0	0	0	0	0	0	0	0	0	0	0	0	0	0	0	0	0	0	0	0
162301000eb311a00ac261813a56373c	0	0	0	0	0	0	0	0	0	0	0	0	0	0	0	0	0	0	0	0	0	0	0	3	0	0	0	0	0	0	0	0	0	0	0	0	0	0	0	0	0	0	0	0	0	0	0	0	0	0	0	0	0	0	0	0	0
ef9108e98dd799164e9c5e0c27f6ec73	0	0	0	0	0	0	0	0	0	0	0	0	0	0	0	0	0	0	0	0	0	0	0	0	0	0	3	0	0	0	0	0	0	0	0	0	0	0	0	0	0	0	0	0	0	0	0	0	0	0	0	0	0	0	0	0	0
15d6f067899db1b931268211579df936	0	0	0	0	0	0	0	0	0	0	0	0	0	0	0	0	0	0	0	0	0	0	0	0	0	0	3	0	0	0	0	0	0	0	0	0	0	0	0	0	0	0	0	0	0	0	0	0	0	0	0	0	0	0	0	0	0
f9e3adddc9e7f170d29274d9edc4b21f	0	0	0	0	0	0	0	0	0	0	0	0	0	0	0	0	0	0	0	0	0	0	0	0	0	0	3	0	0	0	0	0	0	0	0	0	0	0	0	0	0	0	0	0	0	0	0	0	0	0	0	0	0	0	0	0	0
37a14c1fe0fb9146a68f109ce17199cb	0	0	0	0	0	0	0	0	0	0	0	0	0	0	0	0	0	0	0	0	0	0	0	0	0	0	0	0	3	0	0	0	0	0	0	0	0	0	0	0	0	0	0	0	0	0	0	0	0	0	0	0	0	0	0	0	0
e4b1dbc58203a98c101f405b0c1adb30	0	0	0	0	0	0	0	0	0	0	0	0	0	0	0	0	0	0	0	0	0	0	0	0	0	0	0	0	0	0	0	3	0	0	0	0	0	0	0	0	0	0	0	0	0	0	0	0	0	0	0	0	0	0	0	0	0
8aa8b3d6c6bc0654a18aa1901d70ad51	0	0	0	0	0	0	0	0	0	0	0	0	0	0	0	0	0	0	0	0	0	0	0	0	0	0	0	0	0	0	0	3	0	0	0	0	0	0	0	0	0	0	0	0	0	0	0	0	0	0	0	0	0	0	0	0	0
d43cf322f53927010f0cb0e0f079b100	0	0	0	0	0	0	0	0	0	0	0	0	0	0	0	0	0	0	0	0	0	0	0	0	0	0	0	0	0	0	0	0	0	3	0	0	0	0	0	0	0	0	0	0	0	0	0	0	0	0	0	0	0	0	0	0	0
44eaa65110e271e553578a618af02f09	0	0	0	0	0	0	0	0	0	0	0	0	0	0	0	0	0	0	0	0	0	0	0	0	0	0	0	0	0	0	0	0	0	3	0	0	0	0	0	0	0	0	0	0	0	0	0	0	0	0	0	0	0	0	0	0	0
71cba26264ef12f29965c50fa5f5223e	0	0	0	0	0	0	0	0	0	0	0	0	0	0	0	0	0	0	0	0	0	0	0	0	0	0	0	0	0	0	0	0	0	0	0	0	3	0	0	0	0	0	0	0	0	0	0	0	0	0	0	0	0	0	0	0	0
1743a64d7fdeba5d6872834f4cd346f5	0	0	0	0	0	0	0	0	0	0	0	0	0	0	0	0	0	0	0	0	0	0	0	0	0	0	0	0	0	0	0	0	0	0	0	0	0	0	3	0	0	0	0	0	0	0	0	0	0	0	0	0	0	0	0	0	0
e022d4097c3cef8654b72ca73b80346e	0	0	0	0	0	0	0	0	0	0	0	0	0	0	0	0	0	0	0	0	0	0	0	0	0	0	0	0	0	0	0	0	0	0	0	0	0	0	0	3	0	0	0	0	0	0	0	0	0	0	0	0	0	0	0	0	0
325d07503e2a2134aecd8215d7f6ec87	0	0	0	0	0	0	0	0	0	0	0	0	0	0	0	0	0	0	0	0	0	0	0	0	0	0	0	0	0	0	0	0	0	0	0	0	0	0	0	0	0	3	0	0	0	0	0	0	0	0	0	0	0	0	0	0	0
4295c4ec187641d5b80817a2a67daefa	0	0	0	0	0	0	0	0	0	0	0	0	0	0	0	0	0	0	0	0	0	0	0	0	0	0	0	0	0	0	0	0	0	0	0	0	0	0	0	0	0	0	0	3	0	0	0	0	0	0	0	0	0	0	0	0	0
a8aaa2e3c8eb78796d324ba8c3edc27e	0	0	0	0	0	0	0	0	0	0	0	0	0	0	0	0	0	0	0	0	0	0	0	0	0	0	0	0	0	0	0	0	0	0	0	0	0	0	0	0	0	0	0	3	0	0	0	0	0	0	0	0	0	0	0	0	0
3799c21e7443b49625436569eaf78416	0	0	0	0	0	0	0	0	0	0	0	0	0	0	0	0	0	0	0	0	0	0	0	0	0	0	0	0	0	0	0	0	0	0	0	0	0	0	0	0	0	0	0	0	0	3	0	0	0	0	0	0	0	0	0	0	0
5bf3a26feb4417bb2e69f0d49f1ca108	0	0	0	0	0	0	0	0	0	0	0	0	0	0	0	0	0	0	0	0	0	0	0	0	0	0	0	0	0	0	0	0	0	0	0	0	0	0	0	0	0	0	0	0	0	0	3	0	0	0	0	0	0	0	0	0	0
788fb4f419b316765f1861b318d684f3	0	0	0	0	0	0	0	0	0	0	0	0	0	0	0	0	0	0	0	0	0	0	0	0	0	0	0	0	0	0	0	0	0	0	0	0	0	0	0	0	0	0	0	0	0	0	0	0	3	0	0	0	0	0	0	0	0
4e7cafec35ba4168302dd02cb3505fd1	0	0	0	0	0	0	0	0	0	0	0	0	0	0	0	0	0	0	0	0	0	0	0	0	0	0	0	0	0	0	0	0	0	0	0	0	0	0	0	0	0	0	0	0	0	0	0	0	0	3	0	0	0	0	0	0	0
57339dc360146f9499bf125f0b680ea6	0	0	0	0	0	0	0	0	0	0	0	0	0	0	0	0	0	0	0	0	0	0	0	0	0	0	0	0	0	0	0	0	0	0	0	0	0	0	0	0	0	0	0	0	0	0	0	0	0	0	0	3	0	0	0	0	0
4541aff5aebc03d23c063239907837f4	0	0	0	0	0	0	0	0	0	0	0	0	0	0	0	0	0	0	0	0	0	0	0	0	0	0	0	0	0	0	0	0	0	0	0	0	0	0	0	0	0	0	0	0	0	0	0	0	0	0	0	0	3	0	0	0	0
747e1cc958c419c7646a6aa935ae9704	0	0	0	0	0	0	0	0	0	0	0	0	0	0	0	0	0	0	0	0	0	0	0	0	0	0	0	0	0	0	0	0	0	0	0	0	0	0	0	0	0	0	0	0	0	0	0	0	0	0	0	0	0	3	0	0	0
67bc130dbdc5ddc23db26d12391a174d	0	0	0	0	0	0	0	0	0	0	0	0	0	0	0	0	0	0	0	0	0	0	0	0	0	0	0	0	0	0	0	0	0	0	0	0	0	0	0	0	0	0	0	0	0	0	0	0	0	0	0	0	0	0	3	0	0
e70949c4904d48160f0ae701ea7ef474	0	0	0	0	0	0	0	0	0	0	0	0	0	0	0	0	0	0	0	0	0	0	0	0	0	0	0	0	0	0	0	0	0	0	0	0	0	0	0	0	0	0	0	0	0	0	0	0	0	0	0	0	0	0	0	3	0
34ede2fe1c65bbce6b4cbba4ea102abf	2	0	0	0	0	0	0	0	0	0	0	0	0	0	0	0	0	0	0	0	0	0	0	0	0	0	0	0	0	0	0	0	0	0	0	0	0	0	0	0	0	0	0	0	0	0	0	0	0	0	0	0	0	0	0	0	0
64300e326205d972f548906b92d1b880	2	0	0	0	0	0	0	0	0	0	0	0	0	0	0	0	0	0	0	0	0	0	0	0	0	0	0	0	0	0	0	0	0	0	0	0	0	0	0	0	0	0	0	0	0	0	0	0	0	0	0	0	0	0	0	0	0
37ff21bbf3bc769b7f320a8d6c2a7c7c	0	0	0	2	0	0	0	0	0	0	0	0	0	0	0	0	0	0	0	0	0	0	0	0	0	0	0	0	0	0	0	0	0	0	0	0	0	0	0	0	0	0	0	0	0	0	0	0	0	0	0	0	0	0	0	0	0
ec6df9227e22644e1d21adbd8b13d6dd	0	0	0	0	0	2	0	0	0	0	0	0	0	0	0	0	0	0	0	0	0	0	0	0	0	0	0	0	0	0	0	0	0	0	0	0	0	0	0	0	0	0	0	0	0	0	0	0	0	0	0	0	0	0	0	0	0
b5f7b73a44f5b683935bf763611adf51	0	0	0	0	0	0	0	0	2	0	0	0	0	0	0	0	0	0	0	0	0	0	0	0	0	0	0	0	0	0	0	0	0	0	0	0	0	0	0	0	0	0	0	0	0	0	0	0	0	0	0	0	0	0	0	0	0
d824c5400418c742ad0795f36e625cb6	0	0	0	0	0	0	0	0	0	0	0	2	0	0	0	0	0	0	0	0	0	0	0	0	0	0	0	0	0	0	0	0	0	0	0	0	0	0	0	0	0	0	0	0	0	0	0	0	0	0	0	0	0	0	0	0	0
1e56c887bf0b5b4a822dd9b07136ddd6	0	0	0	0	0	0	0	0	0	0	0	0	0	0	2	0	0	0	0	0	0	0	0	0	0	0	0	0	0	0	0	0	0	0	0	0	0	0	0	0	0	0	0	0	0	0	0	0	0	0	0	0	0	0	0	0	0
9bcb0dc9fab9df55470b67df3785a62a	0	0	0	0	0	0	0	0	0	0	0	0	0	0	2	0	0	0	0	0	0	0	0	0	0	0	0	0	0	0	0	0	0	0	0	0	0	0	0	0	0	0	0	0	0	0	0	0	0	0	0	0	0	0	0	0	0
087097e7ff8b5481526b5726c0070203	0	0	0	0	0	0	0	0	0	0	0	0	0	0	0	0	2	0	0	0	0	0	0	0	0	0	0	0	0	0	0	0	0	0	0	0	0	0	0	0	0	0	0	0	0	0	0	0	0	0	0	0	0	0	0	0	0
d4f64b5730fe61964d257a7f7167954f	0	0	0	0	0	0	0	0	0	0	0	0	0	0	0	0	0	2	0	0	0	0	0	0	0	0	0	0	0	0	0	0	0	0	0	0	0	0	0	0	0	0	0	0	0	0	0	0	0	0	0	0	0	0	0	0	0
986bd0df0eb0168fb4999509220ee8ac	0	0	0	0	0	0	0	0	0	0	0	0	0	0	0	0	0	0	2	0	0	0	0	0	0	0	0	0	0	0	0	0	0	0	0	0	0	0	0	0	0	0	0	0	0	0	0	0	0	0	0	0	0	0	0	0	0
b2a6802fb8193df438ce9c27b3e7c458	0	0	0	0	0	0	0	0	0	0	0	0	0	0	0	0	0	0	0	0	2	0	0	0	0	0	0	0	0	0	0	0	0	0	0	0	0	0	0	0	0	0	0	0	0	0	0	0	0	0	0	0	0	0	0	0	0
2f5e99805671ad8c4df5637597467131	0	0	0	0	0	0	0	0	0	0	0	0	0	0	0	0	0	0	0	0	0	0	0	2	0	0	0	0	0	0	0	0	0	0	0	0	0	0	0	0	0	0	0	0	0	0	0	0	0	0	0	0	0	0	0	0	0
4d49c4cf821528ca47ca55ae3fd25aa0	0	0	0	0	0	0	0	0	0	0	0	0	0	0	0	0	0	0	0	0	0	0	0	0	0	0	0	2	0	0	0	0	0	0	0	0	0	0	0	0	0	0	0	0	0	0	0	0	0	0	0	0	0	0	0	0	0
9a09b5b92ffdb80e95b5da4083e34371	0	0	0	0	0	0	0	0	0	0	0	0	0	0	0	0	0	0	0	0	0	0	0	0	0	0	0	2	0	0	0	0	0	0	0	0	0	0	0	0	0	0	0	0	0	0	0	0	0	0	0	0	0	0	0	0	0
72a61623709af5ceec72ea3506102176	0	0	0	0	0	0	0	0	0	0	0	0	0	0	0	0	0	0	0	0	0	0	0	0	0	0	0	0	0	0	0	0	0	0	2	0	0	0	0	0	0	0	0	0	0	0	0	0	0	0	0	0	0	0	0	0	0
0b06ce555ab7d2c2ac01dc16c49ddb0a	0	0	0	0	0	0	0	0	0	0	0	0	0	0	0	0	0	0	0	0	0	0	0	0	0	0	0	0	0	0	0	0	0	0	0	0	0	2	0	0	0	0	0	0	0	0	0	0	0	0	0	0	0	0	0	0	0
85fbb6f2e5eb2ce6dea61cb5dec7da0a	0	0	0	0	0	0	0	0	0	0	0	0	0	0	0	0	0	0	0	0	0	0	0	0	0	0	0	0	0	0	0	0	0	0	0	0	0	0	0	2	0	0	0	0	0	0	0	0	0	0	0	0	0	0	0	0	0
d5a41a8915594e65462a11d078c62980	0	0	0	0	0	0	0	0	0	0	0	0	0	0	0	0	0	0	0	0	0	0	0	0	0	0	0	0	0	0	0	0	0	0	0	0	0	0	0	2	0	0	0	0	0	0	0	0	0	0	0	0	0	0	0	0	0
b5421b9e74a522a576a299718ac21ac3	0	0	0	0	0	0	0	0	0	0	0	0	0	0	0	0	0	0	0	0	0	0	0	0	0	0	0	0	0	0	0	0	0	0	0	0	0	0	0	0	0	0	2	0	0	0	0	0	0	0	0	0	0	0	0	0	0
50b2d464913a1a217012ab96224c0866	0	0	0	0	0	0	0	0	0	0	0	0	0	0	0	0	0	0	0	0	0	0	0	0	0	0	0	0	0	0	0	0	0	0	0	0	0	0	0	0	0	0	0	2	0	0	0	0	0	0	0	0	0	0	0	0	0
69d2a1b38f69318dbab92c9114d4544e	0	0	0	0	0	0	0	0	0	0	0	0	0	0	0	0	0	0	0	0	0	0	0	0	0	0	0	0	0	0	0	0	0	0	0	0	0	0	0	0	0	0	0	2	0	0	0	0	0	0	0	0	0	0	0	0	0
cd0d78573750e4a47eb2936722fd616d	0	0	0	0	0	0	0	0	0	0	0	0	0	0	0	0	0	0	0	0	0	0	0	0	0	0	0	0	0	0	0	0	0	0	0	0	0	0	0	0	0	0	0	0	2	0	0	0	0	0	0	0	0	0	0	0	0
6c1fc193bbc00d572b4c6d0bcf160841	0	0	0	0	0	0	0	0	0	0	0	0	0	0	0	0	0	0	0	0	0	0	0	0	0	0	0	0	0	0	0	0	0	0	0	0	0	0	0	0	0	0	0	0	2	0	0	0	0	0	0	0	0	0	0	0	0
3992be75cccdc31c33cc4031ce5ffc10	0	0	0	0	0	0	0	0	0	0	0	0	0	0	0	0	0	0	0	0	0	0	0	0	0	0	0	0	0	0	0	0	0	0	0	0	0	0	0	0	0	0	0	0	0	2	0	0	0	0	0	0	0	0	0	0	0
93000efb9fe979efab563be3b0a9949f	0	0	0	0	0	0	0	0	0	0	0	0	0	0	0	0	0	0	0	0	0	0	0	0	0	0	0	0	0	0	0	0	0	0	0	0	0	0	0	0	0	0	0	0	0	0	2	0	0	0	0	0	0	0	0	0	0
7dea5b87b6c830b41aa1beb138a56186	0	0	0	0	0	0	0	0	0	0	0	0	0	0	0	0	0	0	0	0	0	0	0	0	0	0	0	0	0	0	0	0	0	0	0	0	0	0	0	0	0	0	0	0	0	0	0	0	0	0	0	2	0	0	0	0	0
5b16efb7ed00d11062b14f7f698a2347	0	0	0	0	0	0	0	0	0	0	0	0	0	0	0	0	0	0	0	0	0	0	0	0	0	0	0	0	0	0	0	0	0	0	0	0	0	0	0	0	0	0	0	0	0	0	0	0	0	0	0	0	2	0	0	0	0
713e11e939e7b50741b39ec01ceab4c5	0	0	0	0	0	0	0	0	0	0	0	0	0	0	0	0	0	0	0	0	0	0	0	0	0	0	0	0	0	0	0	0	0	0	0	0	0	0	0	0	0	0	0	0	0	0	0	0	0	0	0	0	0	0	0	0	2
04cd8eca2a22b026d989af73bbb720cf	0	0	1	0	0	0	0	0	0	0	0	0	0	0	0	0	0	0	0	0	0	0	0	0	0	0	0	0	0	0	0	0	0	0	0	0	0	0	0	0	0	0	0	0	0	0	0	0	0	0	0	0	0	0	0	0	0
a98a2ea929138f5a4c2db9fde02b3bf9	0	0	0	0	0	0	0	0	0	0	0	0	0	0	0	0	0	0	0	0	0	0	0	0	0	0	0	0	0	0	0	0	0	0	0	0	0	0	0	0	0	0	0	0	1	0	0	0	0	0	0	0	0	0	0	0	0
884a3e2342d212e2e86776162d4339ed	0	0	0	0	0	0	0	0	0	0	0	0	0	0	0	0	0	0	0	0	0	0	0	0	0	0	0	0	0	0	0	0	0	0	0	0	0	0	0	0	0	0	0	0	0	0	0	0	0	1	0	0	0	0	0	0	0
